1000 0
1001 6174
1002 6174
1003 6174
1004 6174
1005 6174
1006 6174
1007 6174
1008 6174
1009 6174
1010 6174
1011 0
1012 6174
1013 6174
1014 6174
1015 6174
1016 6174
1017 6174
1018 6174
1019 6174
1020 6174
1021 6174
1022 6174
1023 6174
1024 6174
1025 6174
1026 6174
1027 6174
1028 6174
1029 6174
1030 6174
1031 6174
1032 6174
1033 6174
1034 6174
1035 6174
1036 6174
1037 6174
1038 6174
1039 6174
1040 6174
1041 6174
1042 6174
1043 6174
1044 6174
1045 6174
1046 6174
1047 6174
1048 6174
1049 6174
1050 6174
1051 6174
1052 6174
1053 6174
1054 6174
1055 6174
1056 6174
1057 6174
1058 6174
1059 6174
1060 6174
1061 6174
1062 6174
1063 6174
1064 6174
1065 6174
1066 6174
1067 6174
1068 6174
1069 6174
1070 6174
1071 6174
1072 6174
1073 6174
1074 6174
1075 6174
1076 6174
1077 6174
1078 6174
1079 6174
1080 6174
1081 6174
1082 6174
1083 6174
1084 6174
1085 6174
1086 6174
1087 6174
1088 6174
1089 6174
1090 6174
1091 6174
1092 6174
1093 6174
1094 6174
1095 6174
1096 6174
1097 6174
1098 6174
1099 6174
1100 6174
1101 0
1102 6174
1103 6174
1104 6174
1105 6174
1106 6174
1107 6174
1108 6174
1109 6174
1110 0
1111 0
1112 0
1113 6174
1114 6174
1115 6174
1116 6174
1117 6174
1118 6174
1119 6174
1120 6174
1121 0
1122 6174
1123 6174
1124 6174
1125 6174
1126 6174
1127 6174
1128 6174
1129 6174
1130 6174
1131 6174
1132 6174
1133 6174
1134 6174
1135 6174
1136 6174
1137 6174
1138 6174
1139 6174
1140 6174
1141 6174
1142 6174
1143 6174
1144 6174
1145 6174
1146 6174
1147 6174
1148 6174
1149 6174
1150 6174
1151 6174
1152 6174
1153 6174
1154 6174
1155 6174
1156 6174
1157 6174
1158 6174
1159 6174
1160 6174
1161 6174
1162 6174
1163 6174
1164 6174
1165 6174
1166 6174
1167 6174
1168 6174
1169 6174
1170 6174
1171 6174
1172 6174
1173 6174
1174 6174
1175 6174
1176 6174
1177 6174
1178 6174
1179 6174
1180 6174
1181 6174
1182 6174
1183 6174
1184 6174
1185 6174
1186 6174
1187 6174
1188 6174
1189 6174
1190 6174
1191 6174
1192 6174
1193 6174
1194 6174
1195 6174
1196 6174
1197 6174
1198 6174
1199 6174
1200 6174
1201 6174
1202 6174
1203 6174
1204 6174
1205 6174
1206 6174
1207 6174
1208 6174
1209 6174
1210 6174
1211 0
1212 6174
1213 6174
1214 6174
1215 6174
1216 6174
1217 6174
1218 6174
1219 6174
1220 6174
1221 6174
1222 0
1223 6174
1224 6174
1225 6174
1226 6174
1227 6174
1228 6174
1229 6174
1230 6174
1231 6174
1232 6174
1233 6174
1234 6174
1235 6174
1236 6174
1237 6174
1238 6174
1239 6174
1240 6174
1241 6174
1242 6174
1243 6174
1244 6174
1245 6174
1246 6174
1247 6174
1248 6174
1249 6174
1250 6174
1251 6174
1252 6174
1253 6174
1254 6174
1255 6174
1256 6174
1257 6174
1258 6174
1259 6174
1260 6174
1261 6174
1262 6174
1263 6174
1264 6174
1265 6174
1266 6174
1267 6174
1268 6174
1269 6174
1270 6174
1271 6174
1272 6174
1273 6174
1274 6174
1275 6174
1276 6174
1277 6174
1278 6174
1279 6174
1280 6174
1281 6174
1282 6174
1283 6174
1284 6174
1285 6174
1286 6174
1287 6174
1288 6174
1289 6174
1290 6174
1291 6174
1292 6174
1293 6174
1294 6174
1295 6174
1296 6174
1297 6174
1298 6174
1299 6174
1300 6174
1301 6174
1302 6174
1303 6174
1304 6174
1305 6174
1306 6174
1307 6174
1308 6174
1309 6174
1310 6174
1311 6174
1312 6174
1313 6174
1314 6174
1315 6174
1316 6174
1317 6174
1318 6174
1319 6174
1320 6174
1321 6174
1322 6174
1323 6174
1324 6174
1325 6174
1326 6174
1327 6174
1328 6174
1329 6174
1330 6174
1331 6174
1332 6174
1333 6174
1334 6174
1335 6174
1336 6174
1337 6174
1338 6174
1339 6174
1340 6174
1341 6174
1342 6174
1343 6174
1344 6174
1345 6174
1346 6174
1347 6174
1348 6174
1349 6174
1350 6174
1351 6174
1352 6174
1353 6174
1354 6174
1355 6174
1356 6174
1357 6174
1358 6174
1359 6174
1360 6174
1361 6174
1362 6174
1363 6174
1364 6174
1365 6174
1366 6174
1367 6174
1368 6174
1369 6174
1370 6174
1371 6174
1372 6174
1373 6174
1374 6174
1375 6174
1376 6174
1377 6174
1378 6174
1379 6174
1380 6174
1381 6174
1382 6174
1383 6174
1384 6174
1385 6174
1386 6174
1387 6174
1388 6174
1389 6174
1390 6174
1391 6174
1392 6174
1393 6174
1394 6174
1395 6174
1396 6174
1397 6174
1398 6174
1399 6174
1400 6174
1401 6174
1402 6174
1403 6174
1404 6174
1405 6174
1406 6174
1407 6174
1408 6174
1409 6174
1410 6174
1411 6174
1412 6174
1413 6174
1414 6174
1415 6174
1416 6174
1417 6174
1418 6174
1419 6174
1420 6174
1421 6174
1422 6174
1423 6174
1424 6174
1425 6174
1426 6174
1427 6174
1428 6174
1429 6174
1430 6174
1431 6174
1432 6174
1433 6174
1434 6174
1435 6174
1436 6174
1437 6174
1438 6174
1439 6174
1440 6174
1441 6174
1442 6174
1443 6174
1444 6174
1445 6174
1446 6174
1447 6174
1448 6174
1449 6174
1450 6174
1451 6174
1452 6174
1453 6174
1454 6174
1455 6174
1456 6174
1457 6174
1458 6174
1459 6174
1460 6174
1461 6174
1462 6174
1463 6174
1464 6174
1465 6174
1466 6174
1467 6174
1468 6174
1469 6174
1470 6174
1471 6174
1472 6174
1473 6174
1474 6174
1475 6174
1476 6174
1477 6174
1478 6174
1479 6174
1480 6174
1481 6174
1482 6174
1483 6174
1484 6174
1485 6174
1486 6174
1487 6174
1488 6174
1489 6174
1490 6174
1491 6174
1492 6174
1493 6174
1494 6174
1495 6174
1496 6174
1497 6174
1498 6174
1499 6174
1500 6174
1501 6174
1502 6174
1503 6174
1504 6174
1505 6174
1506 6174
1507 6174
1508 6174
1509 6174
1510 6174
1511 6174
1512 6174
1513 6174
1514 6174
1515 6174
1516 6174
1517 6174
1518 6174
1519 6174
1520 6174
1521 6174
1522 6174
1523 6174
1524 6174
1525 6174
1526 6174
1527 6174
1528 6174
1529 6174
1530 6174
1531 6174
1532 6174
1533 6174
1534 6174
1535 6174
1536 6174
1537 6174
1538 6174
1539 6174
1540 6174
1541 6174
1542 6174
1543 6174
1544 6174
1545 6174
1546 6174
1547 6174
1548 6174
1549 6174
1550 6174
1551 6174
1552 6174
1553 6174
1554 6174
1555 6174
1556 6174
1557 6174
1558 6174
1559 6174
1560 6174
1561 6174
1562 6174
1563 6174
1564 6174
1565 6174
1566 6174
1567 6174
1568 6174
1569 6174
1570 6174
1571 6174
1572 6174
1573 6174
1574 6174
1575 6174
1576 6174
1577 6174
1578 6174
1579 6174
1580 6174
1581 6174
1582 6174
1583 6174
1584 6174
1585 6174
1586 6174
1587 6174
1588 6174
1589 6174
1590 6174
1591 6174
1592 6174
1593 6174
1594 6174
1595 6174
1596 6174
1597 6174
1598 6174
1599 6174
1600 6174
1601 6174
1602 6174
1603 6174
1604 6174
1605 6174
1606 6174
1607 6174
1608 6174
1609 6174
1610 6174
1611 6174
1612 6174
1613 6174
1614 6174
1615 6174
1616 6174
1617 6174
1618 6174
1619 6174
1620 6174
1621 6174
1622 6174
1623 6174
1624 6174
1625 6174
1626 6174
1627 6174
1628 6174
1629 6174
1630 6174
1631 6174
1632 6174
1633 6174
1634 6174
1635 6174
1636 6174
1637 6174
1638 6174
1639 6174
1640 6174
1641 6174
1642 6174
1643 6174
1644 6174
1645 6174
1646 6174
1647 6174
1648 6174
1649 6174
1650 6174
1651 6174
1652 6174
1653 6174
1654 6174
1655 6174
1656 6174
1657 6174
1658 6174
1659 6174
1660 6174
1661 6174
1662 6174
1663 6174
1664 6174
1665 6174
1666 6174
1667 6174
1668 6174
1669 6174
1670 6174
1671 6174
1672 6174
1673 6174
1674 6174
1675 6174
1676 6174
1677 6174
1678 6174
1679 6174
1680 6174
1681 6174
1682 6174
1683 6174
1684 6174
1685 6174
1686 6174
1687 6174
1688 6174
1689 6174
1690 6174
1691 6174
1692 6174
1693 6174
1694 6174
1695 6174
1696 6174
1697 6174
1698 6174
1699 6174
1700 6174
1701 6174
1702 6174
1703 6174
1704 6174
1705 6174
1706 6174
1707 6174
1708 6174
1709 6174
1710 6174
1711 6174
1712 6174
1713 6174
1714 6174
1715 6174
1716 6174
1717 6174
1718 6174
1719 6174
1720 6174
1721 6174
1722 6174
1723 6174
1724 6174
1725 6174
1726 6174
1727 6174
1728 6174
1729 6174
1730 6174
1731 6174
1732 6174
1733 6174
1734 6174
1735 6174
1736 6174
1737 6174
1738 6174
1739 6174
1740 6174
1741 6174
1742 6174
1743 6174
1744 6174
1745 6174
1746 6174
1747 6174
1748 6174
1749 6174
1750 6174
1751 6174
1752 6174
1753 6174
1754 6174
1755 6174
1756 6174
1757 6174
1758 6174
1759 6174
1760 6174
1761 6174
1762 6174
1763 6174
1764 6174
1765 6174
1766 6174
1767 6174
1768 6174
1769 6174
1770 6174
1771 6174
1772 6174
1773 6174
1774 6174
1775 6174
1776 6174
1777 6174
1778 6174
1779 6174
1780 6174
1781 6174
1782 6174
1783 6174
1784 6174
1785 6174
1786 6174
1787 6174
1788 6174
1789 6174
1790 6174
1791 6174
1792 6174
1793 6174
1794 6174
1795 6174
1796 6174
1797 6174
1798 6174
1799 6174
1800 6174
1801 6174
1802 6174
1803 6174
1804 6174
1805 6174
1806 6174
1807 6174
1808 6174
1809 6174
1810 6174
1811 6174
1812 6174
1813 6174
1814 6174
1815 6174
1816 6174
1817 6174
1818 6174
1819 6174
1820 6174
1821 6174
1822 6174
1823 6174
1824 6174
1825 6174
1826 6174
1827 6174
1828 6174
1829 6174
1830 6174
1831 6174
1832 6174
1833 6174
1834 6174
1835 6174
1836 6174
1837 6174
1838 6174
1839 6174
1840 6174
1841 6174
1842 6174
1843 6174
1844 6174
1845 6174
1846 6174
1847 6174
1848 6174
1849 6174
1850 6174
1851 6174
1852 6174
1853 6174
1854 6174
1855 6174
1856 6174
1857 6174
1858 6174
1859 6174
1860 6174
1861 6174
1862 6174
1863 6174
1864 6174
1865 6174
1866 6174
1867 6174
1868 6174
1869 6174
1870 6174
1871 6174
1872 6174
1873 6174
1874 6174
1875 6174
1876 6174
1877 6174
1878 6174
1879 6174
1880 6174
1881 6174
1882 6174
1883 6174
1884 6174
1885 6174
1886 6174
1887 6174
1888 6174
1889 6174
1890 6174
1891 6174
1892 6174
1893 6174
1894 6174
1895 6174
1896 6174
1897 6174
1898 6174
1899 6174
1900 6174
1901 6174
1902 6174
1903 6174
1904 6174
1905 6174
1906 6174
1907 6174
1908 6174
1909 6174
1910 6174
1911 6174
1912 6174
1913 6174
1914 6174
1915 6174
1916 6174
1917 6174
1918 6174
1919 6174
1920 6174
1921 6174
1922 6174
1923 6174
1924 6174
1925 6174
1926 6174
1927 6174
1928 6174
1929 6174
1930 6174
1931 6174
1932 6174
1933 6174
1934 6174
1935 6174
1936 6174
1937 6174
1938 6174
1939 6174
1940 6174
1941 6174
1942 6174
1943 6174
1944 6174
1945 6174
1946 6174
1947 6174
1948 6174
1949 6174
1950 6174
1951 6174
1952 6174
1953 6174
1954 6174
1955 6174
1956 6174
1957 6174
1958 6174
1959 6174
1960 6174
1961 6174
1962 6174
1963 6174
1964 6174
1965 6174
1966 6174
1967 6174
1968 6174
1969 6174
1970 6174
1971 6174
1972 6174
1973 6174
1974 6174
1975 6174
1976 6174
1977 6174
1978 6174
1979 6174
1980 6174
1981 6174
1982 6174
1983 6174
1984 6174
1985 6174
1986 6174
1987 6174
1988 6174
1989 6174
1990 6174
1991 6174
1992 6174
1993 6174
1994 6174
1995 6174
1996 6174
1997 6174
1998 6174
1999 6174
2000 6174
2001 6174
2002 6174
2003 6174
2004 6174
2005 6174
2006 6174
2007 6174
2008 6174
2009 6174
2010 6174
2011 6174
2012 6174
2013 6174
2014 6174
2015 6174
2016 6174
2017 6174
2018 6174
2019 6174
2020 6174
2021 6174
2022 6174
2023 6174
2024 6174
2025 6174
2026 6174
2027 6174
2028 6174
2029 6174
2030 6174
2031 6174
2032 6174
2033 6174
2034 6174
2035 6174
2036 6174
2037 6174
2038 6174
2039 6174
2040 6174
2041 6174
2042 6174
2043 6174
2044 6174
2045 6174
2046 6174
2047 6174
2048 6174
2049 6174
2050 6174
2051 6174
2052 6174
2053 6174
2054 6174
2055 6174
2056 6174
2057 6174
2058 6174
2059 6174
2060 6174
2061 6174
2062 6174
2063 6174
2064 6174
2065 6174
2066 6174
2067 6174
2068 6174
2069 6174
2070 6174
2071 6174
2072 6174
2073 6174
2074 6174
2075 6174
2076 6174
2077 6174
2078 6174
2079 6174
2080 6174
2081 6174
2082 6174
2083 6174
2084 6174
2085 6174
2086 6174
2087 6174
2088 6174
2089 6174
2090 6174
2091 6174
2092 6174
2093 6174
2094 6174
2095 6174
2096 6174
2097 6174
2098 6174
2099 6174
2100 6174
2101 6174
2102 6174
2103 6174
2104 6174
2105 6174
2106 6174
2107 6174
2108 6174
2109 6174
2110 6174
2111 0
2112 6174
2113 6174
2114 6174
2115 6174
2116 6174
2117 6174
2118 6174
2119 6174
2120 6174
2121 6174
2122 0
2123 6174
2124 6174
2125 6174
2126 6174
2127 6174
2128 6174
2129 6174
2130 6174
2131 6174
2132 6174
2133 6174
2134 6174
2135 6174
2136 6174
2137 6174
2138 6174
2139 6174
2140 6174
2141 6174
2142 6174
2143 6174
2144 6174
2145 6174
2146 6174
2147 6174
2148 6174
2149 6174
2150 6174
2151 6174
2152 6174
2153 6174
2154 6174
2155 6174
2156 6174
2157 6174
2158 6174
2159 6174
2160 6174
2161 6174
2162 6174
2163 6174
2164 6174
2165 6174
2166 6174
2167 6174
2168 6174
2169 6174
2170 6174
2171 6174
2172 6174
2173 6174
2174 6174
2175 6174
2176 6174
2177 6174
2178 6174
2179 6174
2180 6174
2181 6174
2182 6174
2183 6174
2184 6174
2185 6174
2186 6174
2187 6174
2188 6174
2189 6174
2190 6174
2191 6174
2192 6174
2193 6174
2194 6174
2195 6174
2196 6174
2197 6174
2198 6174
2199 6174
2200 6174
2201 6174
2202 6174
2203 6174
2204 6174
2205 6174
2206 6174
2207 6174
2208 6174
2209 6174
2210 6174
2211 6174
2212 0
2213 6174
2214 6174
2215 6174
2216 6174
2217 6174
2218 6174
2219 6174
2220 6174
2221 0
2222 0
2223 0
2224 6174
2225 6174
2226 6174
2227 6174
2228 6174
2229 6174
2230 6174
2231 6174
2232 0
2233 6174
2234 6174
2235 6174
2236 6174
2237 6174
2238 6174
2239 6174
2240 6174
2241 6174
2242 6174
2243 6174
2244 6174
2245 6174
2246 6174
2247 6174
2248 6174
2249 6174
2250 6174
2251 6174
2252 6174
2253 6174
2254 6174
2255 6174
2256 6174
2257 6174
2258 6174
2259 6174
2260 6174
2261 6174
2262 6174
2263 6174
2264 6174
2265 6174
2266 6174
2267 6174
2268 6174
2269 6174
2270 6174
2271 6174
2272 6174
2273 6174
2274 6174
2275 6174
2276 6174
2277 6174
2278 6174
2279 6174
2280 6174
2281 6174
2282 6174
2283 6174
2284 6174
2285 6174
2286 6174
2287 6174
2288 6174
2289 6174
2290 6174
2291 6174
2292 6174
2293 6174
2294 6174
2295 6174
2296 6174
2297 6174
2298 6174
2299 6174
2300 6174
2301 6174
2302 6174
2303 6174
2304 6174
2305 6174
2306 6174
2307 6174
2308 6174
2309 6174
2310 6174
2311 6174
2312 6174
2313 6174
2314 6174
2315 6174
2316 6174
2317 6174
2318 6174
2319 6174
2320 6174
2321 6174
2322 0
2323 6174
2324 6174
2325 6174
2326 6174
2327 6174
2328 6174
2329 6174
2330 6174
2331 6174
2332 6174
2333 0
2334 6174
2335 6174
2336 6174
2337 6174
2338 6174
2339 6174
2340 6174
2341 6174
2342 6174
2343 6174
2344 6174
2345 6174
2346 6174
2347 6174
2348 6174
2349 6174
2350 6174
2351 6174
2352 6174
2353 6174
2354 6174
2355 6174
2356 6174
2357 6174
2358 6174
2359 6174
2360 6174
2361 6174
2362 6174
2363 6174
2364 6174
2365 6174
2366 6174
2367 6174
2368 6174
2369 6174
2370 6174
2371 6174
2372 6174
2373 6174
2374 6174
2375 6174
2376 6174
2377 6174
2378 6174
2379 6174
2380 6174
2381 6174
2382 6174
2383 6174
2384 6174
2385 6174
2386 6174
2387 6174
2388 6174
2389 6174
2390 6174
2391 6174
2392 6174
2393 6174
2394 6174
2395 6174
2396 6174
2397 6174
2398 6174
2399 6174
2400 6174
2401 6174
2402 6174
2403 6174
2404 6174
2405 6174
2406 6174
2407 6174
2408 6174
2409 6174
2410 6174
2411 6174
2412 6174
2413 6174
2414 6174
2415 6174
2416 6174
2417 6174
2418 6174
2419 6174
2420 6174
2421 6174
2422 6174
2423 6174
2424 6174
2425 6174
2426 6174
2427 6174
2428 6174
2429 6174
2430 6174
2431 6174
2432 6174
2433 6174
2434 6174
2435 6174
2436 6174
2437 6174
2438 6174
2439 6174
2440 6174
2441 6174
2442 6174
2443 6174
2444 6174
2445 6174
2446 6174
2447 6174
2448 6174
2449 6174
2450 6174
2451 6174
2452 6174
2453 6174
2454 6174
2455 6174
2456 6174
2457 6174
2458 6174
2459 6174
2460 6174
2461 6174
2462 6174
2463 6174
2464 6174
2465 6174
2466 6174
2467 6174
2468 6174
2469 6174
2470 6174
2471 6174
2472 6174
2473 6174
2474 6174
2475 6174
2476 6174
2477 6174
2478 6174
2479 6174
2480 6174
2481 6174
2482 6174
2483 6174
2484 6174
2485 6174
2486 6174
2487 6174
2488 6174
2489 6174
2490 6174
2491 6174
2492 6174
2493 6174
2494 6174
2495 6174
2496 6174
2497 6174
2498 6174
2499 6174
2500 6174
2501 6174
2502 6174
2503 6174
2504 6174
2505 6174
2506 6174
2507 6174
2508 6174
2509 6174
2510 6174
2511 6174
2512 6174
2513 6174
2514 6174
2515 6174
2516 6174
2517 6174
2518 6174
2519 6174
2520 6174
2521 6174
2522 6174
2523 6174
2524 6174
2525 6174
2526 6174
2527 6174
2528 6174
2529 6174
2530 6174
2531 6174
2532 6174
2533 6174
2534 6174
2535 6174
2536 6174
2537 6174
2538 6174
2539 6174
2540 6174
2541 6174
2542 6174
2543 6174
2544 6174
2545 6174
2546 6174
2547 6174
2548 6174
2549 6174
2550 6174
2551 6174
2552 6174
2553 6174
2554 6174
2555 6174
2556 6174
2557 6174
2558 6174
2559 6174
2560 6174
2561 6174
2562 6174
2563 6174
2564 6174
2565 6174
2566 6174
2567 6174
2568 6174
2569 6174
2570 6174
2571 6174
2572 6174
2573 6174
2574 6174
2575 6174
2576 6174
2577 6174
2578 6174
2579 6174
2580 6174
2581 6174
2582 6174
2583 6174
2584 6174
2585 6174
2586 6174
2587 6174
2588 6174
2589 6174
2590 6174
2591 6174
2592 6174
2593 6174
2594 6174
2595 6174
2596 6174
2597 6174
2598 6174
2599 6174
2600 6174
2601 6174
2602 6174
2603 6174
2604 6174
2605 6174
2606 6174
2607 6174
2608 6174
2609 6174
2610 6174
2611 6174
2612 6174
2613 6174
2614 6174
2615 6174
2616 6174
2617 6174
2618 6174
2619 6174
2620 6174
2621 6174
2622 6174
2623 6174
2624 6174
2625 6174
2626 6174
2627 6174
2628 6174
2629 6174
2630 6174
2631 6174
2632 6174
2633 6174
2634 6174
2635 6174
2636 6174
2637 6174
2638 6174
2639 6174
2640 6174
2641 6174
2642 6174
2643 6174
2644 6174
2645 6174
2646 6174
2647 6174
2648 6174
2649 6174
2650 6174
2651 6174
2652 6174
2653 6174
2654 6174
2655 6174
2656 6174
2657 6174
2658 6174
2659 6174
2660 6174
2661 6174
2662 6174
2663 6174
2664 6174
2665 6174
2666 6174
2667 6174
2668 6174
2669 6174
2670 6174
2671 6174
2672 6174
2673 6174
2674 6174
2675 6174
2676 6174
2677 6174
2678 6174
2679 6174
2680 6174
2681 6174
2682 6174
2683 6174
2684 6174
2685 6174
2686 6174
2687 6174
2688 6174
2689 6174
2690 6174
2691 6174
2692 6174
2693 6174
2694 6174
2695 6174
2696 6174
2697 6174
2698 6174
2699 6174
2700 6174
2701 6174
2702 6174
2703 6174
2704 6174
2705 6174
2706 6174
2707 6174
2708 6174
2709 6174
2710 6174
2711 6174
2712 6174
2713 6174
2714 6174
2715 6174
2716 6174
2717 6174
2718 6174
2719 6174
2720 6174
2721 6174
2722 6174
2723 6174
2724 6174
2725 6174
2726 6174
2727 6174
2728 6174
2729 6174
2730 6174
2731 6174
2732 6174
2733 6174
2734 6174
2735 6174
2736 6174
2737 6174
2738 6174
2739 6174
2740 6174
2741 6174
2742 6174
2743 6174
2744 6174
2745 6174
2746 6174
2747 6174
2748 6174
2749 6174
2750 6174
2751 6174
2752 6174
2753 6174
2754 6174
2755 6174
2756 6174
2757 6174
2758 6174
2759 6174
2760 6174
2761 6174
2762 6174
2763 6174
2764 6174
2765 6174
2766 6174
2767 6174
2768 6174
2769 6174
2770 6174
2771 6174
2772 6174
2773 6174
2774 6174
2775 6174
2776 6174
2777 6174
2778 6174
2779 6174
2780 6174
2781 6174
2782 6174
2783 6174
2784 6174
2785 6174
2786 6174
2787 6174
2788 6174
2789 6174
2790 6174
2791 6174
2792 6174
2793 6174
2794 6174
2795 6174
2796 6174
2797 6174
2798 6174
2799 6174
2800 6174
2801 6174
2802 6174
2803 6174
2804 6174
2805 6174
2806 6174
2807 6174
2808 6174
2809 6174
2810 6174
2811 6174
2812 6174
2813 6174
2814 6174
2815 6174
2816 6174
2817 6174
2818 6174
2819 6174
2820 6174
2821 6174
2822 6174
2823 6174
2824 6174
2825 6174
2826 6174
2827 6174
2828 6174
2829 6174
2830 6174
2831 6174
2832 6174
2833 6174
2834 6174
2835 6174
2836 6174
2837 6174
2838 6174
2839 6174
2840 6174
2841 6174
2842 6174
2843 6174
2844 6174
2845 6174
2846 6174
2847 6174
2848 6174
2849 6174
2850 6174
2851 6174
2852 6174
2853 6174
2854 6174
2855 6174
2856 6174
2857 6174
2858 6174
2859 6174
2860 6174
2861 6174
2862 6174
2863 6174
2864 6174
2865 6174
2866 6174
2867 6174
2868 6174
2869 6174
2870 6174
2871 6174
2872 6174
2873 6174
2874 6174
2875 6174
2876 6174
2877 6174
2878 6174
2879 6174
2880 6174
2881 6174
2882 6174
2883 6174
2884 6174
2885 6174
2886 6174
2887 6174
2888 6174
2889 6174
2890 6174
2891 6174
2892 6174
2893 6174
2894 6174
2895 6174
2896 6174
2897 6174
2898 6174
2899 6174
2900 6174
2901 6174
2902 6174
2903 6174
2904 6174
2905 6174
2906 6174
2907 6174
2908 6174
2909 6174
2910 6174
2911 6174
2912 6174
2913 6174
2914 6174
2915 6174
2916 6174
2917 6174
2918 6174
2919 6174
2920 6174
2921 6174
2922 6174
2923 6174
2924 6174
2925 6174
2926 6174
2927 6174
2928 6174
2929 6174
2930 6174
2931 6174
2932 6174
2933 6174
2934 6174
2935 6174
2936 6174
2937 6174
2938 6174
2939 6174
2940 6174
2941 6174
2942 6174
2943 6174
2944 6174
2945 6174
2946 6174
2947 6174
2948 6174
2949 6174
2950 6174
2951 6174
2952 6174
2953 6174
2954 6174
2955 6174
2956 6174
2957 6174
2958 6174
2959 6174
2960 6174
2961 6174
2962 6174
2963 6174
2964 6174
2965 6174
2966 6174
2967 6174
2968 6174
2969 6174
2970 6174
2971 6174
2972 6174
2973 6174
2974 6174
2975 6174
2976 6174
2977 6174
2978 6174
2979 6174
2980 6174
2981 6174
2982 6174
2983 6174
2984 6174
2985 6174
2986 6174
2987 6174
2988 6174
2989 6174
2990 6174
2991 6174
2992 6174
2993 6174
2994 6174
2995 6174
2996 6174
2997 6174
2998 6174
2999 6174
3000 6174
3001 6174
3002 6174
3003 6174
3004 6174
3005 6174
3006 6174
3007 6174
3008 6174
3009 6174
3010 6174
3011 6174
3012 6174
3013 6174
3014 6174
3015 6174
3016 6174
3017 6174
3018 6174
3019 6174
3020 6174
3021 6174
3022 6174
3023 6174
3024 6174
3025 6174
3026 6174
3027 6174
3028 6174
3029 6174
3030 6174
3031 6174
3032 6174
3033 6174
3034 6174
3035 6174
3036 6174
3037 6174
3038 6174
3039 6174
3040 6174
3041 6174
3042 6174
3043 6174
3044 6174
3045 6174
3046 6174
3047 6174
3048 6174
3049 6174
3050 6174
3051 6174
3052 6174
3053 6174
3054 6174
3055 6174
3056 6174
3057 6174
3058 6174
3059 6174
3060 6174
3061 6174
3062 6174
3063 6174
3064 6174
3065 6174
3066 6174
3067 6174
3068 6174
3069 6174
3070 6174
3071 6174
3072 6174
3073 6174
3074 6174
3075 6174
3076 6174
3077 6174
3078 6174
3079 6174
3080 6174
3081 6174
3082 6174
3083 6174
3084 6174
3085 6174
3086 6174
3087 6174
3088 6174
3089 6174
3090 6174
3091 6174
3092 6174
3093 6174
3094 6174
3095 6174
3096 6174
3097 6174
3098 6174
3099 6174
3100 6174
3101 6174
3102 6174
3103 6174
3104 6174
3105 6174
3106 6174
3107 6174
3108 6174
3109 6174
3110 6174
3111 6174
3112 6174
3113 6174
3114 6174
3115 6174
3116 6174
3117 6174
3118 6174
3119 6174
3120 6174
3121 6174
3122 6174
3123 6174
3124 6174
3125 6174
3126 6174
3127 6174
3128 6174
3129 6174
3130 6174
3131 6174
3132 6174
3133 6174
3134 6174
3135 6174
3136 6174
3137 6174
3138 6174
3139 6174
3140 6174
3141 6174
3142 6174
3143 6174
3144 6174
3145 6174
3146 6174
3147 6174
3148 6174
3149 6174
3150 6174
3151 6174
3152 6174
3153 6174
3154 6174
3155 6174
3156 6174
3157 6174
3158 6174
3159 6174
3160 6174
3161 6174
3162 6174
3163 6174
3164 6174
3165 6174
3166 6174
3167 6174
3168 6174
3169 6174
3170 6174
3171 6174
3172 6174
3173 6174
3174 6174
3175 6174
3176 6174
3177 6174
3178 6174
3179 6174
3180 6174
3181 6174
3182 6174
3183 6174
3184 6174
3185 6174
3186 6174
3187 6174
3188 6174
3189 6174
3190 6174
3191 6174
3192 6174
3193 6174
3194 6174
3195 6174
3196 6174
3197 6174
3198 6174
3199 6174
3200 6174
3201 6174
3202 6174
3203 6174
3204 6174
3205 6174
3206 6174
3207 6174
3208 6174
3209 6174
3210 6174
3211 6174
3212 6174
3213 6174
3214 6174
3215 6174
3216 6174
3217 6174
3218 6174
3219 6174
3220 6174
3221 6174
3222 0
3223 6174
3224 6174
3225 6174
3226 6174
3227 6174
3228 6174
3229 6174
3230 6174
3231 6174
3232 6174
3233 0
3234 6174
3235 6174
3236 6174
3237 6174
3238 6174
3239 6174
3240 6174
3241 6174
3242 6174
3243 6174
3244 6174
3245 6174
3246 6174
3247 6174
3248 6174
3249 6174
3250 6174
3251 6174
3252 6174
3253 6174
3254 6174
3255 6174
3256 6174
3257 6174
3258 6174
3259 6174
3260 6174
3261 6174
3262 6174
3263 6174
3264 6174
3265 6174
3266 6174
3267 6174
3268 6174
3269 6174
3270 6174
3271 6174
3272 6174
3273 6174
3274 6174
3275 6174
3276 6174
3277 6174
3278 6174
3279 6174
3280 6174
3281 6174
3282 6174
3283 6174
3284 6174
3285 6174
3286 6174
3287 6174
3288 6174
3289 6174
3290 6174
3291 6174
3292 6174
3293 6174
3294 6174
3295 6174
3296 6174
3297 6174
3298 6174
3299 6174
3300 6174
3301 6174
3302 6174
3303 6174
3304 6174
3305 6174
3306 6174
3307 6174
3308 6174
3309 6174
3310 6174
3311 6174
3312 6174
3313 6174
3314 6174
3315 6174
3316 6174
3317 6174
3318 6174
3319 6174
3320 6174
3321 6174
3322 6174
3323 0
3324 6174
3325 6174
3326 6174
3327 6174
3328 6174
3329 6174
3330 6174
3331 6174
3332 0
3333 0
3334 0
3335 6174
3336 6174
3337 6174
3338 6174
3339 6174
3340 6174
3341 6174
3342 6174
3343 0
3344 6174
3345 6174
3346 6174
3347 6174
3348 6174
3349 6174
3350 6174
3351 6174
3352 6174
3353 6174
3354 6174
3355 6174
3356 6174
3357 6174
3358 6174
3359 6174
3360 6174
3361 6174
3362 6174
3363 6174
3364 6174
3365 6174
3366 6174
3367 6174
3368 6174
3369 6174
3370 6174
3371 6174
3372 6174
3373 6174
3374 6174
3375 6174
3376 6174
3377 6174
3378 6174
3379 6174
3380 6174
3381 6174
3382 6174
3383 6174
3384 6174
3385 6174
3386 6174
3387 6174
3388 6174
3389 6174
3390 6174
3391 6174
3392 6174
3393 6174
3394 6174
3395 6174
3396 6174
3397 6174
3398 6174
3399 6174
3400 6174
3401 6174
3402 6174
3403 6174
3404 6174
3405 6174
3406 6174
3407 6174
3408 6174
3409 6174
3410 6174
3411 6174
3412 6174
3413 6174
3414 6174
3415 6174
3416 6174
3417 6174
3418 6174
3419 6174
3420 6174
3421 6174
3422 6174
3423 6174
3424 6174
3425 6174
3426 6174
3427 6174
3428 6174
3429 6174
3430 6174
3431 6174
3432 6174
3433 0
3434 6174
3435 6174
3436 6174
3437 6174
3438 6174
3439 6174
3440 6174
3441 6174
3442 6174
3443 6174
3444 0
3445 6174
3446 6174
3447 6174
3448 6174
3449 6174
3450 6174
3451 6174
3452 6174
3453 6174
3454 6174
3455 6174
3456 6174
3457 6174
3458 6174
3459 6174
3460 6174
3461 6174
3462 6174
3463 6174
3464 6174
3465 6174
3466 6174
3467 6174
3468 6174
3469 6174
3470 6174
3471 6174
3472 6174
3473 6174
3474 6174
3475 6174
3476 6174
3477 6174
3478 6174
3479 6174
3480 6174
3481 6174
3482 6174
3483 6174
3484 6174
3485 6174
3486 6174
3487 6174
3488 6174
3489 6174
3490 6174
3491 6174
3492 6174
3493 6174
3494 6174
3495 6174
3496 6174
3497 6174
3498 6174
3499 6174
3500 6174
3501 6174
3502 6174
3503 6174
3504 6174
3505 6174
3506 6174
3507 6174
3508 6174
3509 6174
3510 6174
3511 6174
3512 6174
3513 6174
3514 6174
3515 6174
3516 6174
3517 6174
3518 6174
3519 6174
3520 6174
3521 6174
3522 6174
3523 6174
3524 6174
3525 6174
3526 6174
3527 6174
3528 6174
3529 6174
3530 6174
3531 6174
3532 6174
3533 6174
3534 6174
3535 6174
3536 6174
3537 6174
3538 6174
3539 6174
3540 6174
3541 6174
3542 6174
3543 6174
3544 6174
3545 6174
3546 6174
3547 6174
3548 6174
3549 6174
3550 6174
3551 6174
3552 6174
3553 6174
3554 6174
3555 6174
3556 6174
3557 6174
3558 6174
3559 6174
3560 6174
3561 6174
3562 6174
3563 6174
3564 6174
3565 6174
3566 6174
3567 6174
3568 6174
3569 6174
3570 6174
3571 6174
3572 6174
3573 6174
3574 6174
3575 6174
3576 6174
3577 6174
3578 6174
3579 6174
3580 6174
3581 6174
3582 6174
3583 6174
3584 6174
3585 6174
3586 6174
3587 6174
3588 6174
3589 6174
3590 6174
3591 6174
3592 6174
3593 6174
3594 6174
3595 6174
3596 6174
3597 6174
3598 6174
3599 6174
3600 6174
3601 6174
3602 6174
3603 6174
3604 6174
3605 6174
3606 6174
3607 6174
3608 6174
3609 6174
3610 6174
3611 6174
3612 6174
3613 6174
3614 6174
3615 6174
3616 6174
3617 6174
3618 6174
3619 6174
3620 6174
3621 6174
3622 6174
3623 6174
3624 6174
3625 6174
3626 6174
3627 6174
3628 6174
3629 6174
3630 6174
3631 6174
3632 6174
3633 6174
3634 6174
3635 6174
3636 6174
3637 6174
3638 6174
3639 6174
3640 6174
3641 6174
3642 6174
3643 6174
3644 6174
3645 6174
3646 6174
3647 6174
3648 6174
3649 6174
3650 6174
3651 6174
3652 6174
3653 6174
3654 6174
3655 6174
3656 6174
3657 6174
3658 6174
3659 6174
3660 6174
3661 6174
3662 6174
3663 6174
3664 6174
3665 6174
3666 6174
3667 6174
3668 6174
3669 6174
3670 6174
3671 6174
3672 6174
3673 6174
3674 6174
3675 6174
3676 6174
3677 6174
3678 6174
3679 6174
3680 6174
3681 6174
3682 6174
3683 6174
3684 6174
3685 6174
3686 6174
3687 6174
3688 6174
3689 6174
3690 6174
3691 6174
3692 6174
3693 6174
3694 6174
3695 6174
3696 6174
3697 6174
3698 6174
3699 6174
3700 6174
3701 6174
3702 6174
3703 6174
3704 6174
3705 6174
3706 6174
3707 6174
3708 6174
3709 6174
3710 6174
3711 6174
3712 6174
3713 6174
3714 6174
3715 6174
3716 6174
3717 6174
3718 6174
3719 6174
3720 6174
3721 6174
3722 6174
3723 6174
3724 6174
3725 6174
3726 6174
3727 6174
3728 6174
3729 6174
3730 6174
3731 6174
3732 6174
3733 6174
3734 6174
3735 6174
3736 6174
3737 6174
3738 6174
3739 6174
3740 6174
3741 6174
3742 6174
3743 6174
3744 6174
3745 6174
3746 6174
3747 6174
3748 6174
3749 6174
3750 6174
3751 6174
3752 6174
3753 6174
3754 6174
3755 6174
3756 6174
3757 6174
3758 6174
3759 6174
3760 6174
3761 6174
3762 6174
3763 6174
3764 6174
3765 6174
3766 6174
3767 6174
3768 6174
3769 6174
3770 6174
3771 6174
3772 6174
3773 6174
3774 6174
3775 6174
3776 6174
3777 6174
3778 6174
3779 6174
3780 6174
3781 6174
3782 6174
3783 6174
3784 6174
3785 6174
3786 6174
3787 6174
3788 6174
3789 6174
3790 6174
3791 6174
3792 6174
3793 6174
3794 6174
3795 6174
3796 6174
3797 6174
3798 6174
3799 6174
3800 6174
3801 6174
3802 6174
3803 6174
3804 6174
3805 6174
3806 6174
3807 6174
3808 6174
3809 6174
3810 6174
3811 6174
3812 6174
3813 6174
3814 6174
3815 6174
3816 6174
3817 6174
3818 6174
3819 6174
3820 6174
3821 6174
3822 6174
3823 6174
3824 6174
3825 6174
3826 6174
3827 6174
3828 6174
3829 6174
3830 6174
3831 6174
3832 6174
3833 6174
3834 6174
3835 6174
3836 6174
3837 6174
3838 6174
3839 6174
3840 6174
3841 6174
3842 6174
3843 6174
3844 6174
3845 6174
3846 6174
3847 6174
3848 6174
3849 6174
3850 6174
3851 6174
3852 6174
3853 6174
3854 6174
3855 6174
3856 6174
3857 6174
3858 6174
3859 6174
3860 6174
3861 6174
3862 6174
3863 6174
3864 6174
3865 6174
3866 6174
3867 6174
3868 6174
3869 6174
3870 6174
3871 6174
3872 6174
3873 6174
3874 6174
3875 6174
3876 6174
3877 6174
3878 6174
3879 6174
3880 6174
3881 6174
3882 6174
3883 6174
3884 6174
3885 6174
3886 6174
3887 6174
3888 6174
3889 6174
3890 6174
3891 6174
3892 6174
3893 6174
3894 6174
3895 6174
3896 6174
3897 6174
3898 6174
3899 6174
3900 6174
3901 6174
3902 6174
3903 6174
3904 6174
3905 6174
3906 6174
3907 6174
3908 6174
3909 6174
3910 6174
3911 6174
3912 6174
3913 6174
3914 6174
3915 6174
3916 6174
3917 6174
3918 6174
3919 6174
3920 6174
3921 6174
3922 6174
3923 6174
3924 6174
3925 6174
3926 6174
3927 6174
3928 6174
3929 6174
3930 6174
3931 6174
3932 6174
3933 6174
3934 6174
3935 6174
3936 6174
3937 6174
3938 6174
3939 6174
3940 6174
3941 6174
3942 6174
3943 6174
3944 6174
3945 6174
3946 6174
3947 6174
3948 6174
3949 6174
3950 6174
3951 6174
3952 6174
3953 6174
3954 6174
3955 6174
3956 6174
3957 6174
3958 6174
3959 6174
3960 6174
3961 6174
3962 6174
3963 6174
3964 6174
3965 6174
3966 6174
3967 6174
3968 6174
3969 6174
3970 6174
3971 6174
3972 6174
3973 6174
3974 6174
3975 6174
3976 6174
3977 6174
3978 6174
3979 6174
3980 6174
3981 6174
3982 6174
3983 6174
3984 6174
3985 6174
3986 6174
3987 6174
3988 6174
3989 6174
3990 6174
3991 6174
3992 6174
3993 6174
3994 6174
3995 6174
3996 6174
3997 6174
3998 6174
3999 6174
4000 6174
4001 6174
4002 6174
4003 6174
4004 6174
4005 6174
4006 6174
4007 6174
4008 6174
4009 6174
4010 6174
4011 6174
4012 6174
4013 6174
4014 6174
4015 6174
4016 6174
4017 6174
4018 6174
4019 6174
4020 6174
4021 6174
4022 6174
4023 6174
4024 6174
4025 6174
4026 6174
4027 6174
4028 6174
4029 6174
4030 6174
4031 6174
4032 6174
4033 6174
4034 6174
4035 6174
4036 6174
4037 6174
4038 6174
4039 6174
4040 6174
4041 6174
4042 6174
4043 6174
4044 6174
4045 6174
4046 6174
4047 6174
4048 6174
4049 6174
4050 6174
4051 6174
4052 6174
4053 6174
4054 6174
4055 6174
4056 6174
4057 6174
4058 6174
4059 6174
4060 6174
4061 6174
4062 6174
4063 6174
4064 6174
4065 6174
4066 6174
4067 6174
4068 6174
4069 6174
4070 6174
4071 6174
4072 6174
4073 6174
4074 6174
4075 6174
4076 6174
4077 6174
4078 6174
4079 6174
4080 6174
4081 6174
4082 6174
4083 6174
4084 6174
4085 6174
4086 6174
4087 6174
4088 6174
4089 6174
4090 6174
4091 6174
4092 6174
4093 6174
4094 6174
4095 6174
4096 6174
4097 6174
4098 6174
4099 6174
4100 6174
4101 6174
4102 6174
4103 6174
4104 6174
4105 6174
4106 6174
4107 6174
4108 6174
4109 6174
4110 6174
4111 6174
4112 6174
4113 6174
4114 6174
4115 6174
4116 6174
4117 6174
4118 6174
4119 6174
4120 6174
4121 6174
4122 6174
4123 6174
4124 6174
4125 6174
4126 6174
4127 6174
4128 6174
4129 6174
4130 6174
4131 6174
4132 6174
4133 6174
4134 6174
4135 6174
4136 6174
4137 6174
4138 6174
4139 6174
4140 6174
4141 6174
4142 6174
4143 6174
4144 6174
4145 6174
4146 6174
4147 6174
4148 6174
4149 6174
4150 6174
4151 6174
4152 6174
4153 6174
4154 6174
4155 6174
4156 6174
4157 6174
4158 6174
4159 6174
4160 6174
4161 6174
4162 6174
4163 6174
4164 6174
4165 6174
4166 6174
4167 6174
4168 6174
4169 6174
4170 6174
4171 6174
4172 6174
4173 6174
4174 6174
4175 6174
4176 6174
4177 6174
4178 6174
4179 6174
4180 6174
4181 6174
4182 6174
4183 6174
4184 6174
4185 6174
4186 6174
4187 6174
4188 6174
4189 6174
4190 6174
4191 6174
4192 6174
4193 6174
4194 6174
4195 6174
4196 6174
4197 6174
4198 6174
4199 6174
4200 6174
4201 6174
4202 6174
4203 6174
4204 6174
4205 6174
4206 6174
4207 6174
4208 6174
4209 6174
4210 6174
4211 6174
4212 6174
4213 6174
4214 6174
4215 6174
4216 6174
4217 6174
4218 6174
4219 6174
4220 6174
4221 6174
4222 6174
4223 6174
4224 6174
4225 6174
4226 6174
4227 6174
4228 6174
4229 6174
4230 6174
4231 6174
4232 6174
4233 6174
4234 6174
4235 6174
4236 6174
4237 6174
4238 6174
4239 6174
4240 6174
4241 6174
4242 6174
4243 6174
4244 6174
4245 6174
4246 6174
4247 6174
4248 6174
4249 6174
4250 6174
4251 6174
4252 6174
4253 6174
4254 6174
4255 6174
4256 6174
4257 6174
4258 6174
4259 6174
4260 6174
4261 6174
4262 6174
4263 6174
4264 6174
4265 6174
4266 6174
4267 6174
4268 6174
4269 6174
4270 6174
4271 6174
4272 6174
4273 6174
4274 6174
4275 6174
4276 6174
4277 6174
4278 6174
4279 6174
4280 6174
4281 6174
4282 6174
4283 6174
4284 6174
4285 6174
4286 6174
4287 6174
4288 6174
4289 6174
4290 6174
4291 6174
4292 6174
4293 6174
4294 6174
4295 6174
4296 6174
4297 6174
4298 6174
4299 6174
4300 6174
4301 6174
4302 6174
4303 6174
4304 6174
4305 6174
4306 6174
4307 6174
4308 6174
4309 6174
4310 6174
4311 6174
4312 6174
4313 6174
4314 6174
4315 6174
4316 6174
4317 6174
4318 6174
4319 6174
4320 6174
4321 6174
4322 6174
4323 6174
4324 6174
4325 6174
4326 6174
4327 6174
4328 6174
4329 6174
4330 6174
4331 6174
4332 6174
4333 0
4334 6174
4335 6174
4336 6174
4337 6174
4338 6174
4339 6174
4340 6174
4341 6174
4342 6174
4343 6174
4344 0
4345 6174
4346 6174
4347 6174
4348 6174
4349 6174
4350 6174
4351 6174
4352 6174
4353 6174
4354 6174
4355 6174
4356 6174
4357 6174
4358 6174
4359 6174
4360 6174
4361 6174
4362 6174
4363 6174
4364 6174
4365 6174
4366 6174
4367 6174
4368 6174
4369 6174
4370 6174
4371 6174
4372 6174
4373 6174
4374 6174
4375 6174
4376 6174
4377 6174
4378 6174
4379 6174
4380 6174
4381 6174
4382 6174
4383 6174
4384 6174
4385 6174
4386 6174
4387 6174
4388 6174
4389 6174
4390 6174
4391 6174
4392 6174
4393 6174
4394 6174
4395 6174
4396 6174
4397 6174
4398 6174
4399 6174
4400 6174
4401 6174
4402 6174
4403 6174
4404 6174
4405 6174
4406 6174
4407 6174
4408 6174
4409 6174
4410 6174
4411 6174
4412 6174
4413 6174
4414 6174
4415 6174
4416 6174
4417 6174
4418 6174
4419 6174
4420 6174
4421 6174
4422 6174
4423 6174
4424 6174
4425 6174
4426 6174
4427 6174
4428 6174
4429 6174
4430 6174
4431 6174
4432 6174
4433 6174
4434 0
4435 6174
4436 6174
4437 6174
4438 6174
4439 6174
4440 6174
4441 6174
4442 6174
4443 0
4444 0
4445 0
4446 6174
4447 6174
4448 6174
4449 6174
4450 6174
4451 6174
4452 6174
4453 6174
4454 0
4455 6174
4456 6174
4457 6174
4458 6174
4459 6174
4460 6174
4461 6174
4462 6174
4463 6174
4464 6174
4465 6174
4466 6174
4467 6174
4468 6174
4469 6174
4470 6174
4471 6174
4472 6174
4473 6174
4474 6174
4475 6174
4476 6174
4477 6174
4478 6174
4479 6174
4480 6174
4481 6174
4482 6174
4483 6174
4484 6174
4485 6174
4486 6174
4487 6174
4488 6174
4489 6174
4490 6174
4491 6174
4492 6174
4493 6174
4494 6174
4495 6174
4496 6174
4497 6174
4498 6174
4499 6174
4500 6174
4501 6174
4502 6174
4503 6174
4504 6174
4505 6174
4506 6174
4507 6174
4508 6174
4509 6174
4510 6174
4511 6174
4512 6174
4513 6174
4514 6174
4515 6174
4516 6174
4517 6174
4518 6174
4519 6174
4520 6174
4521 6174
4522 6174
4523 6174
4524 6174
4525 6174
4526 6174
4527 6174
4528 6174
4529 6174
4530 6174
4531 6174
4532 6174
4533 6174
4534 6174
4535 6174
4536 6174
4537 6174
4538 6174
4539 6174
4540 6174
4541 6174
4542 6174
4543 6174
4544 0
4545 6174
4546 6174
4547 6174
4548 6174
4549 6174
4550 6174
4551 6174
4552 6174
4553 6174
4554 6174
4555 0
4556 6174
4557 6174
4558 6174
4559 6174
4560 6174
4561 6174
4562 6174
4563 6174
4564 6174
4565 6174
4566 6174
4567 6174
4568 6174
4569 6174
4570 6174
4571 6174
4572 6174
4573 6174
4574 6174
4575 6174
4576 6174
4577 6174
4578 6174
4579 6174
4580 6174
4581 6174
4582 6174
4583 6174
4584 6174
4585 6174
4586 6174
4587 6174
4588 6174
4589 6174
4590 6174
4591 6174
4592 6174
4593 6174
4594 6174
4595 6174
4596 6174
4597 6174
4598 6174
4599 6174
4600 6174
4601 6174
4602 6174
4603 6174
4604 6174
4605 6174
4606 6174
4607 6174
4608 6174
4609 6174
4610 6174
4611 6174
4612 6174
4613 6174
4614 6174
4615 6174
4616 6174
4617 6174
4618 6174
4619 6174
4620 6174
4621 6174
4622 6174
4623 6174
4624 6174
4625 6174
4626 6174
4627 6174
4628 6174
4629 6174
4630 6174
4631 6174
4632 6174
4633 6174
4634 6174
4635 6174
4636 6174
4637 6174
4638 6174
4639 6174
4640 6174
4641 6174
4642 6174
4643 6174
4644 6174
4645 6174
4646 6174
4647 6174
4648 6174
4649 6174
4650 6174
4651 6174
4652 6174
4653 6174
4654 6174
4655 6174
4656 6174
4657 6174
4658 6174
4659 6174
4660 6174
4661 6174
4662 6174
4663 6174
4664 6174
4665 6174
4666 6174
4667 6174
4668 6174
4669 6174
4670 6174
4671 6174
4672 6174
4673 6174
4674 6174
4675 6174
4676 6174
4677 6174
4678 6174
4679 6174
4680 6174
4681 6174
4682 6174
4683 6174
4684 6174
4685 6174
4686 6174
4687 6174
4688 6174
4689 6174
4690 6174
4691 6174
4692 6174
4693 6174
4694 6174
4695 6174
4696 6174
4697 6174
4698 6174
4699 6174
4700 6174
4701 6174
4702 6174
4703 6174
4704 6174
4705 6174
4706 6174
4707 6174
4708 6174
4709 6174
4710 6174
4711 6174
4712 6174
4713 6174
4714 6174
4715 6174
4716 6174
4717 6174
4718 6174
4719 6174
4720 6174
4721 6174
4722 6174
4723 6174
4724 6174
4725 6174
4726 6174
4727 6174
4728 6174
4729 6174
4730 6174
4731 6174
4732 6174
4733 6174
4734 6174
4735 6174
4736 6174
4737 6174
4738 6174
4739 6174
4740 6174
4741 6174
4742 6174
4743 6174
4744 6174
4745 6174
4746 6174
4747 6174
4748 6174
4749 6174
4750 6174
4751 6174
4752 6174
4753 6174
4754 6174
4755 6174
4756 6174
4757 6174
4758 6174
4759 6174
4760 6174
4761 6174
4762 6174
4763 6174
4764 6174
4765 6174
4766 6174
4767 6174
4768 6174
4769 6174
4770 6174
4771 6174
4772 6174
4773 6174
4774 6174
4775 6174
4776 6174
4777 6174
4778 6174
4779 6174
4780 6174
4781 6174
4782 6174
4783 6174
4784 6174
4785 6174
4786 6174
4787 6174
4788 6174
4789 6174
4790 6174
4791 6174
4792 6174
4793 6174
4794 6174
4795 6174
4796 6174
4797 6174
4798 6174
4799 6174
4800 6174
4801 6174
4802 6174
4803 6174
4804 6174
4805 6174
4806 6174
4807 6174
4808 6174
4809 6174
4810 6174
4811 6174
4812 6174
4813 6174
4814 6174
4815 6174
4816 6174
4817 6174
4818 6174
4819 6174
4820 6174
4821 6174
4822 6174
4823 6174
4824 6174
4825 6174
4826 6174
4827 6174
4828 6174
4829 6174
4830 6174
4831 6174
4832 6174
4833 6174
4834 6174
4835 6174
4836 6174
4837 6174
4838 6174
4839 6174
4840 6174
4841 6174
4842 6174
4843 6174
4844 6174
4845 6174
4846 6174
4847 6174
4848 6174
4849 6174
4850 6174
4851 6174
4852 6174
4853 6174
4854 6174
4855 6174
4856 6174
4857 6174
4858 6174
4859 6174
4860 6174
4861 6174
4862 6174
4863 6174
4864 6174
4865 6174
4866 6174
4867 6174
4868 6174
4869 6174
4870 6174
4871 6174
4872 6174
4873 6174
4874 6174
4875 6174
4876 6174
4877 6174
4878 6174
4879 6174
4880 6174
4881 6174
4882 6174
4883 6174
4884 6174
4885 6174
4886 6174
4887 6174
4888 6174
4889 6174
4890 6174
4891 6174
4892 6174
4893 6174
4894 6174
4895 6174
4896 6174
4897 6174
4898 6174
4899 6174
4900 6174
4901 6174
4902 6174
4903 6174
4904 6174
4905 6174
4906 6174
4907 6174
4908 6174
4909 6174
4910 6174
4911 6174
4912 6174
4913 6174
4914 6174
4915 6174
4916 6174
4917 6174
4918 6174
4919 6174
4920 6174
4921 6174
4922 6174
4923 6174
4924 6174
4925 6174
4926 6174
4927 6174
4928 6174
4929 6174
4930 6174
4931 6174
4932 6174
4933 6174
4934 6174
4935 6174
4936 6174
4937 6174
4938 6174
4939 6174
4940 6174
4941 6174
4942 6174
4943 6174
4944 6174
4945 6174
4946 6174
4947 6174
4948 6174
4949 6174
4950 6174
4951 6174
4952 6174
4953 6174
4954 6174
4955 6174
4956 6174
4957 6174
4958 6174
4959 6174
4960 6174
4961 6174
4962 6174
4963 6174
4964 6174
4965 6174
4966 6174
4967 6174
4968 6174
4969 6174
4970 6174
4971 6174
4972 6174
4973 6174
4974 6174
4975 6174
4976 6174
4977 6174
4978 6174
4979 6174
4980 6174
4981 6174
4982 6174
4983 6174
4984 6174
4985 6174
4986 6174
4987 6174
4988 6174
4989 6174
4990 6174
4991 6174
4992 6174
4993 6174
4994 6174
4995 6174
4996 6174
4997 6174
4998 6174
4999 6174
5000 6174
5001 6174
5002 6174
5003 6174
5004 6174
5005 6174
5006 6174
5007 6174
5008 6174
5009 6174
5010 6174
5011 6174
5012 6174
5013 6174
5014 6174
5015 6174
5016 6174
5017 6174
5018 6174
5019 6174
5020 6174
5021 6174
5022 6174
5023 6174
5024 6174
5025 6174
5026 6174
5027 6174
5028 6174
5029 6174
5030 6174
5031 6174
5032 6174
5033 6174
5034 6174
5035 6174
5036 6174
5037 6174
5038 6174
5039 6174
5040 6174
5041 6174
5042 6174
5043 6174
5044 6174
5045 6174
5046 6174
5047 6174
5048 6174
5049 6174
5050 6174
5051 6174
5052 6174
5053 6174
5054 6174
5055 6174
5056 6174
5057 6174
5058 6174
5059 6174
5060 6174
5061 6174
5062 6174
5063 6174
5064 6174
5065 6174
5066 6174
5067 6174
5068 6174
5069 6174
5070 6174
5071 6174
5072 6174
5073 6174
5074 6174
5075 6174
5076 6174
5077 6174
5078 6174
5079 6174
5080 6174
5081 6174
5082 6174
5083 6174
5084 6174
5085 6174
5086 6174
5087 6174
5088 6174
5089 6174
5090 6174
5091 6174
5092 6174
5093 6174
5094 6174
5095 6174
5096 6174
5097 6174
5098 6174
5099 6174
5100 6174
5101 6174
5102 6174
5103 6174
5104 6174
5105 6174
5106 6174
5107 6174
5108 6174
5109 6174
5110 6174
5111 6174
5112 6174
5113 6174
5114 6174
5115 6174
5116 6174
5117 6174
5118 6174
5119 6174
5120 6174
5121 6174
5122 6174
5123 6174
5124 6174
5125 6174
5126 6174
5127 6174
5128 6174
5129 6174
5130 6174
5131 6174
5132 6174
5133 6174
5134 6174
5135 6174
5136 6174
5137 6174
5138 6174
5139 6174
5140 6174
5141 6174
5142 6174
5143 6174
5144 6174
5145 6174
5146 6174
5147 6174
5148 6174
5149 6174
5150 6174
5151 6174
5152 6174
5153 6174
5154 6174
5155 6174
5156 6174
5157 6174
5158 6174
5159 6174
5160 6174
5161 6174
5162 6174
5163 6174
5164 6174
5165 6174
5166 6174
5167 6174
5168 6174
5169 6174
5170 6174
5171 6174
5172 6174
5173 6174
5174 6174
5175 6174
5176 6174
5177 6174
5178 6174
5179 6174
5180 6174
5181 6174
5182 6174
5183 6174
5184 6174
5185 6174
5186 6174
5187 6174
5188 6174
5189 6174
5190 6174
5191 6174
5192 6174
5193 6174
5194 6174
5195 6174
5196 6174
5197 6174
5198 6174
5199 6174
5200 6174
5201 6174
5202 6174
5203 6174
5204 6174
5205 6174
5206 6174
5207 6174
5208 6174
5209 6174
5210 6174
5211 6174
5212 6174
5213 6174
5214 6174
5215 6174
5216 6174
5217 6174
5218 6174
5219 6174
5220 6174
5221 6174
5222 6174
5223 6174
5224 6174
5225 6174
5226 6174
5227 6174
5228 6174
5229 6174
5230 6174
5231 6174
5232 6174
5233 6174
5234 6174
5235 6174
5236 6174
5237 6174
5238 6174
5239 6174
5240 6174
5241 6174
5242 6174
5243 6174
5244 6174
5245 6174
5246 6174
5247 6174
5248 6174
5249 6174
5250 6174
5251 6174
5252 6174
5253 6174
5254 6174
5255 6174
5256 6174
5257 6174
5258 6174
5259 6174
5260 6174
5261 6174
5262 6174
5263 6174
5264 6174
5265 6174
5266 6174
5267 6174
5268 6174
5269 6174
5270 6174
5271 6174
5272 6174
5273 6174
5274 6174
5275 6174
5276 6174
5277 6174
5278 6174
5279 6174
5280 6174
5281 6174
5282 6174
5283 6174
5284 6174
5285 6174
5286 6174
5287 6174
5288 6174
5289 6174
5290 6174
5291 6174
5292 6174
5293 6174
5294 6174
5295 6174
5296 6174
5297 6174
5298 6174
5299 6174
5300 6174
5301 6174
5302 6174
5303 6174
5304 6174
5305 6174
5306 6174
5307 6174
5308 6174
5309 6174
5310 6174
5311 6174
5312 6174
5313 6174
5314 6174
5315 6174
5316 6174
5317 6174
5318 6174
5319 6174
5320 6174
5321 6174
5322 6174
5323 6174
5324 6174
5325 6174
5326 6174
5327 6174
5328 6174
5329 6174
5330 6174
5331 6174
5332 6174
5333 6174
5334 6174
5335 6174
5336 6174
5337 6174
5338 6174
5339 6174
5340 6174
5341 6174
5342 6174
5343 6174
5344 6174
5345 6174
5346 6174
5347 6174
5348 6174
5349 6174
5350 6174
5351 6174
5352 6174
5353 6174
5354 6174
5355 6174
5356 6174
5357 6174
5358 6174
5359 6174
5360 6174
5361 6174
5362 6174
5363 6174
5364 6174
5365 6174
5366 6174
5367 6174
5368 6174
5369 6174
5370 6174
5371 6174
5372 6174
5373 6174
5374 6174
5375 6174
5376 6174
5377 6174
5378 6174
5379 6174
5380 6174
5381 6174
5382 6174
5383 6174
5384 6174
5385 6174
5386 6174
5387 6174
5388 6174
5389 6174
5390 6174
5391 6174
5392 6174
5393 6174
5394 6174
5395 6174
5396 6174
5397 6174
5398 6174
5399 6174
5400 6174
5401 6174
5402 6174
5403 6174
5404 6174
5405 6174
5406 6174
5407 6174
5408 6174
5409 6174
5410 6174
5411 6174
5412 6174
5413 6174
5414 6174
5415 6174
5416 6174
5417 6174
5418 6174
5419 6174
5420 6174
5421 6174
5422 6174
5423 6174
5424 6174
5425 6174
5426 6174
5427 6174
5428 6174
5429 6174
5430 6174
5431 6174
5432 6174
5433 6174
5434 6174
5435 6174
5436 6174
5437 6174
5438 6174
5439 6174
5440 6174
5441 6174
5442 6174
5443 6174
5444 0
5445 6174
5446 6174
5447 6174
5448 6174
5449 6174
5450 6174
5451 6174
5452 6174
5453 6174
5454 6174
5455 0
5456 6174
5457 6174
5458 6174
5459 6174
5460 6174
5461 6174
5462 6174
5463 6174
5464 6174
5465 6174
5466 6174
5467 6174
5468 6174
5469 6174
5470 6174
5471 6174
5472 6174
5473 6174
5474 6174
5475 6174
5476 6174
5477 6174
5478 6174
5479 6174
5480 6174
5481 6174
5482 6174
5483 6174
5484 6174
5485 6174
5486 6174
5487 6174
5488 6174
5489 6174
5490 6174
5491 6174
5492 6174
5493 6174
5494 6174
5495 6174
5496 6174
5497 6174
5498 6174
5499 6174
5500 6174
5501 6174
5502 6174
5503 6174
5504 6174
5505 6174
5506 6174
5507 6174
5508 6174
5509 6174
5510 6174
5511 6174
5512 6174
5513 6174
5514 6174
5515 6174
5516 6174
5517 6174
5518 6174
5519 6174
5520 6174
5521 6174
5522 6174
5523 6174
5524 6174
5525 6174
5526 6174
5527 6174
5528 6174
5529 6174
5530 6174
5531 6174
5532 6174
5533 6174
5534 6174
5535 6174
5536 6174
5537 6174
5538 6174
5539 6174
5540 6174
5541 6174
5542 6174
5543 6174
5544 6174
5545 0
5546 6174
5547 6174
5548 6174
5549 6174
5550 6174
5551 6174
5552 6174
5553 6174
5554 0
5555 0
5556 0
5557 6174
5558 6174
5559 6174
5560 6174
5561 6174
5562 6174
5563 6174
5564 6174
5565 0
5566 6174
5567 6174
5568 6174
5569 6174
5570 6174
5571 6174
5572 6174
5573 6174
5574 6174
5575 6174
5576 6174
5577 6174
5578 6174
5579 6174
5580 6174
5581 6174
5582 6174
5583 6174
5584 6174
5585 6174
5586 6174
5587 6174
5588 6174
5589 6174
5590 6174
5591 6174
5592 6174
5593 6174
5594 6174
5595 6174
5596 6174
5597 6174
5598 6174
5599 6174
5600 6174
5601 6174
5602 6174
5603 6174
5604 6174
5605 6174
5606 6174
5607 6174
5608 6174
5609 6174
5610 6174
5611 6174
5612 6174
5613 6174
5614 6174
5615 6174
5616 6174
5617 6174
5618 6174
5619 6174
5620 6174
5621 6174
5622 6174
5623 6174
5624 6174
5625 6174
5626 6174
5627 6174
5628 6174
5629 6174
5630 6174
5631 6174
5632 6174
5633 6174
5634 6174
5635 6174
5636 6174
5637 6174
5638 6174
5639 6174
5640 6174
5641 6174
5642 6174
5643 6174
5644 6174
5645 6174
5646 6174
5647 6174
5648 6174
5649 6174
5650 6174
5651 6174
5652 6174
5653 6174
5654 6174
5655 0
5656 6174
5657 6174
5658 6174
5659 6174
5660 6174
5661 6174
5662 6174
5663 6174
5664 6174
5665 6174
5666 0
5667 6174
5668 6174
5669 6174
5670 6174
5671 6174
5672 6174
5673 6174
5674 6174
5675 6174
5676 6174
5677 6174
5678 6174
5679 6174
5680 6174
5681 6174
5682 6174
5683 6174
5684 6174
5685 6174
5686 6174
5687 6174
5688 6174
5689 6174
5690 6174
5691 6174
5692 6174
5693 6174
5694 6174
5695 6174
5696 6174
5697 6174
5698 6174
5699 6174
5700 6174
5701 6174
5702 6174
5703 6174
5704 6174
5705 6174
5706 6174
5707 6174
5708 6174
5709 6174
5710 6174
5711 6174
5712 6174
5713 6174
5714 6174
5715 6174
5716 6174
5717 6174
5718 6174
5719 6174
5720 6174
5721 6174
5722 6174
5723 6174
5724 6174
5725 6174
5726 6174
5727 6174
5728 6174
5729 6174
5730 6174
5731 6174
5732 6174
5733 6174
5734 6174
5735 6174
5736 6174
5737 6174
5738 6174
5739 6174
5740 6174
5741 6174
5742 6174
5743 6174
5744 6174
5745 6174
5746 6174
5747 6174
5748 6174
5749 6174
5750 6174
5751 6174
5752 6174
5753 6174
5754 6174
5755 6174
5756 6174
5757 6174
5758 6174
5759 6174
5760 6174
5761 6174
5762 6174
5763 6174
5764 6174
5765 6174
5766 6174
5767 6174
5768 6174
5769 6174
5770 6174
5771 6174
5772 6174
5773 6174
5774 6174
5775 6174
5776 6174
5777 6174
5778 6174
5779 6174
5780 6174
5781 6174
5782 6174
5783 6174
5784 6174
5785 6174
5786 6174
5787 6174
5788 6174
5789 6174
5790 6174
5791 6174
5792 6174
5793 6174
5794 6174
5795 6174
5796 6174
5797 6174
5798 6174
5799 6174
5800 6174
5801 6174
5802 6174
5803 6174
5804 6174
5805 6174
5806 6174
5807 6174
5808 6174
5809 6174
5810 6174
5811 6174
5812 6174
5813 6174
5814 6174
5815 6174
5816 6174
5817 6174
5818 6174
5819 6174
5820 6174
5821 6174
5822 6174
5823 6174
5824 6174
5825 6174
5826 6174
5827 6174
5828 6174
5829 6174
5830 6174
5831 6174
5832 6174
5833 6174
5834 6174
5835 6174
5836 6174
5837 6174
5838 6174
5839 6174
5840 6174
5841 6174
5842 6174
5843 6174
5844 6174
5845 6174
5846 6174
5847 6174
5848 6174
5849 6174
5850 6174
5851 6174
5852 6174
5853 6174
5854 6174
5855 6174
5856 6174
5857 6174
5858 6174
5859 6174
5860 6174
5861 6174
5862 6174
5863 6174
5864 6174
5865 6174
5866 6174
5867 6174
5868 6174
5869 6174
5870 6174
5871 6174
5872 6174
5873 6174
5874 6174
5875 6174
5876 6174
5877 6174
5878 6174
5879 6174
5880 6174
5881 6174
5882 6174
5883 6174
5884 6174
5885 6174
5886 6174
5887 6174
5888 6174
5889 6174
5890 6174
5891 6174
5892 6174
5893 6174
5894 6174
5895 6174
5896 6174
5897 6174
5898 6174
5899 6174
5900 6174
5901 6174
5902 6174
5903 6174
5904 6174
5905 6174
5906 6174
5907 6174
5908 6174
5909 6174
5910 6174
5911 6174
5912 6174
5913 6174
5914 6174
5915 6174
5916 6174
5917 6174
5918 6174
5919 6174
5920 6174
5921 6174
5922 6174
5923 6174
5924 6174
5925 6174
5926 6174
5927 6174
5928 6174
5929 6174
5930 6174
5931 6174
5932 6174
5933 6174
5934 6174
5935 6174
5936 6174
5937 6174
5938 6174
5939 6174
5940 6174
5941 6174
5942 6174
5943 6174
5944 6174
5945 6174
5946 6174
5947 6174
5948 6174
5949 6174
5950 6174
5951 6174
5952 6174
5953 6174
5954 6174
5955 6174
5956 6174
5957 6174
5958 6174
5959 6174
5960 6174
5961 6174
5962 6174
5963 6174
5964 6174
5965 6174
5966 6174
5967 6174
5968 6174
5969 6174
5970 6174
5971 6174
5972 6174
5973 6174
5974 6174
5975 6174
5976 6174
5977 6174
5978 6174
5979 6174
5980 6174
5981 6174
5982 6174
5983 6174
5984 6174
5985 6174
5986 6174
5987 6174
5988 6174
5989 6174
5990 6174
5991 6174
5992 6174
5993 6174
5994 6174
5995 6174
5996 6174
5997 6174
5998 6174
5999 6174
6000 6174
6001 6174
6002 6174
6003 6174
6004 6174
6005 6174
6006 6174
6007 6174
6008 6174
6009 6174
6010 6174
6011 6174
6012 6174
6013 6174
6014 6174
6015 6174
6016 6174
6017 6174
6018 6174
6019 6174
6020 6174
6021 6174
6022 6174
6023 6174
6024 6174
6025 6174
6026 6174
6027 6174
6028 6174
6029 6174
6030 6174
6031 6174
6032 6174
6033 6174
6034 6174
6035 6174
6036 6174
6037 6174
6038 6174
6039 6174
6040 6174
6041 6174
6042 6174
6043 6174
6044 6174
6045 6174
6046 6174
6047 6174
6048 6174
6049 6174
6050 6174
6051 6174
6052 6174
6053 6174
6054 6174
6055 6174
6056 6174
6057 6174
6058 6174
6059 6174
6060 6174
6061 6174
6062 6174
6063 6174
6064 6174
6065 6174
6066 6174
6067 6174
6068 6174
6069 6174
6070 6174
6071 6174
6072 6174
6073 6174
6074 6174
6075 6174
6076 6174
6077 6174
6078 6174
6079 6174
6080 6174
6081 6174
6082 6174
6083 6174
6084 6174
6085 6174
6086 6174
6087 6174
6088 6174
6089 6174
6090 6174
6091 6174
6092 6174
6093 6174
6094 6174
6095 6174
6096 6174
6097 6174
6098 6174
6099 6174
6100 6174
6101 6174
6102 6174
6103 6174
6104 6174
6105 6174
6106 6174
6107 6174
6108 6174
6109 6174
6110 6174
6111 6174
6112 6174
6113 6174
6114 6174
6115 6174
6116 6174
6117 6174
6118 6174
6119 6174
6120 6174
6121 6174
6122 6174
6123 6174
6124 6174
6125 6174
6126 6174
6127 6174
6128 6174
6129 6174
6130 6174
6131 6174
6132 6174
6133 6174
6134 6174
6135 6174
6136 6174
6137 6174
6138 6174
6139 6174
6140 6174
6141 6174
6142 6174
6143 6174
6144 6174
6145 6174
6146 6174
6147 6174
6148 6174
6149 6174
6150 6174
6151 6174
6152 6174
6153 6174
6154 6174
6155 6174
6156 6174
6157 6174
6158 6174
6159 6174
6160 6174
6161 6174
6162 6174
6163 6174
6164 6174
6165 6174
6166 6174
6167 6174
6168 6174
6169 6174
6170 6174
6171 6174
6172 6174
6173 6174
6174 6174
6175 6174
6176 6174
6177 6174
6178 6174
6179 6174
6180 6174
6181 6174
6182 6174
6183 6174
6184 6174
6185 6174
6186 6174
6187 6174
6188 6174
6189 6174
6190 6174
6191 6174
6192 6174
6193 6174
6194 6174
6195 6174
6196 6174
6197 6174
6198 6174
6199 6174
6200 6174
6201 6174
6202 6174
6203 6174
6204 6174
6205 6174
6206 6174
6207 6174
6208 6174
6209 6174
6210 6174
6211 6174
6212 6174
6213 6174
6214 6174
6215 6174
6216 6174
6217 6174
6218 6174
6219 6174
6220 6174
6221 6174
6222 6174
6223 6174
6224 6174
6225 6174
6226 6174
6227 6174
6228 6174
6229 6174
6230 6174
6231 6174
6232 6174
6233 6174
6234 6174
6235 6174
6236 6174
6237 6174
6238 6174
6239 6174
6240 6174
6241 6174
6242 6174
6243 6174
6244 6174
6245 6174
6246 6174
6247 6174
6248 6174
6249 6174
6250 6174
6251 6174
6252 6174
6253 6174
6254 6174
6255 6174
6256 6174
6257 6174
6258 6174
6259 6174
6260 6174
6261 6174
6262 6174
6263 6174
6264 6174
6265 6174
6266 6174
6267 6174
6268 6174
6269 6174
6270 6174
6271 6174
6272 6174
6273 6174
6274 6174
6275 6174
6276 6174
6277 6174
6278 6174
6279 6174
6280 6174
6281 6174
6282 6174
6283 6174
6284 6174
6285 6174
6286 6174
6287 6174
6288 6174
6289 6174
6290 6174
6291 6174
6292 6174
6293 6174
6294 6174
6295 6174
6296 6174
6297 6174
6298 6174
6299 6174
6300 6174
6301 6174
6302 6174
6303 6174
6304 6174
6305 6174
6306 6174
6307 6174
6308 6174
6309 6174
6310 6174
6311 6174
6312 6174
6313 6174
6314 6174
6315 6174
6316 6174
6317 6174
6318 6174
6319 6174
6320 6174
6321 6174
6322 6174
6323 6174
6324 6174
6325 6174
6326 6174
6327 6174
6328 6174
6329 6174
6330 6174
6331 6174
6332 6174
6333 6174
6334 6174
6335 6174
6336 6174
6337 6174
6338 6174
6339 6174
6340 6174
6341 6174
6342 6174
6343 6174
6344 6174
6345 6174
6346 6174
6347 6174
6348 6174
6349 6174
6350 6174
6351 6174
6352 6174
6353 6174
6354 6174
6355 6174
6356 6174
6357 6174
6358 6174
6359 6174
6360 6174
6361 6174
6362 6174
6363 6174
6364 6174
6365 6174
6366 6174
6367 6174
6368 6174
6369 6174
6370 6174
6371 6174
6372 6174
6373 6174
6374 6174
6375 6174
6376 6174
6377 6174
6378 6174
6379 6174
6380 6174
6381 6174
6382 6174
6383 6174
6384 6174
6385 6174
6386 6174
6387 6174
6388 6174
6389 6174
6390 6174
6391 6174
6392 6174
6393 6174
6394 6174
6395 6174
6396 6174
6397 6174
6398 6174
6399 6174
6400 6174
6401 6174
6402 6174
6403 6174
6404 6174
6405 6174
6406 6174
6407 6174
6408 6174
6409 6174
6410 6174
6411 6174
6412 6174
6413 6174
6414 6174
6415 6174
6416 6174
6417 6174
6418 6174
6419 6174
6420 6174
6421 6174
6422 6174
6423 6174
6424 6174
6425 6174
6426 6174
6427 6174
6428 6174
6429 6174
6430 6174
6431 6174
6432 6174
6433 6174
6434 6174
6435 6174
6436 6174
6437 6174
6438 6174
6439 6174
6440 6174
6441 6174
6442 6174
6443 6174
6444 6174
6445 6174
6446 6174
6447 6174
6448 6174
6449 6174
6450 6174
6451 6174
6452 6174
6453 6174
6454 6174
6455 6174
6456 6174
6457 6174
6458 6174
6459 6174
6460 6174
6461 6174
6462 6174
6463 6174
6464 6174
6465 6174
6466 6174
6467 6174
6468 6174
6469 6174
6470 6174
6471 6174
6472 6174
6473 6174
6474 6174
6475 6174
6476 6174
6477 6174
6478 6174
6479 6174
6480 6174
6481 6174
6482 6174
6483 6174
6484 6174
6485 6174
6486 6174
6487 6174
6488 6174
6489 6174
6490 6174
6491 6174
6492 6174
6493 6174
6494 6174
6495 6174
6496 6174
6497 6174
6498 6174
6499 6174
6500 6174
6501 6174
6502 6174
6503 6174
6504 6174
6505 6174
6506 6174
6507 6174
6508 6174
6509 6174
6510 6174
6511 6174
6512 6174
6513 6174
6514 6174
6515 6174
6516 6174
6517 6174
6518 6174
6519 6174
6520 6174
6521 6174
6522 6174
6523 6174
6524 6174
6525 6174
6526 6174
6527 6174
6528 6174
6529 6174
6530 6174
6531 6174
6532 6174
6533 6174
6534 6174
6535 6174
6536 6174
6537 6174
6538 6174
6539 6174
6540 6174
6541 6174
6542 6174
6543 6174
6544 6174
6545 6174
6546 6174
6547 6174
6548 6174
6549 6174
6550 6174
6551 6174
6552 6174
6553 6174
6554 6174
6555 0
6556 6174
6557 6174
6558 6174
6559 6174
6560 6174
6561 6174
6562 6174
6563 6174
6564 6174
6565 6174
6566 0
6567 6174
6568 6174
6569 6174
6570 6174
6571 6174
6572 6174
6573 6174
6574 6174
6575 6174
6576 6174
6577 6174
6578 6174
6579 6174
6580 6174
6581 6174
6582 6174
6583 6174
6584 6174
6585 6174
6586 6174
6587 6174
6588 6174
6589 6174
6590 6174
6591 6174
6592 6174
6593 6174
6594 6174
6595 6174
6596 6174
6597 6174
6598 6174
6599 6174
6600 6174
6601 6174
6602 6174
6603 6174
6604 6174
6605 6174
6606 6174
6607 6174
6608 6174
6609 6174
6610 6174
6611 6174
6612 6174
6613 6174
6614 6174
6615 6174
6616 6174
6617 6174
6618 6174
6619 6174
6620 6174
6621 6174
6622 6174
6623 6174
6624 6174
6625 6174
6626 6174
6627 6174
6628 6174
6629 6174
6630 6174
6631 6174
6632 6174
6633 6174
6634 6174
6635 6174
6636 6174
6637 6174
6638 6174
6639 6174
6640 6174
6641 6174
6642 6174
6643 6174
6644 6174
6645 6174
6646 6174
6647 6174
6648 6174
6649 6174
6650 6174
6651 6174
6652 6174
6653 6174
6654 6174
6655 6174
6656 0
6657 6174
6658 6174
6659 6174
6660 6174
6661 6174
6662 6174
6663 6174
6664 6174
6665 0
6666 0
6667 0
6668 6174
6669 6174
6670 6174
6671 6174
6672 6174
6673 6174
6674 6174
6675 6174
6676 0
6677 6174
6678 6174
6679 6174
6680 6174
6681 6174
6682 6174
6683 6174
6684 6174
6685 6174
6686 6174
6687 6174
6688 6174
6689 6174
6690 6174
6691 6174
6692 6174
6693 6174
6694 6174
6695 6174
6696 6174
6697 6174
6698 6174
6699 6174
6700 6174
6701 6174
6702 6174
6703 6174
6704 6174
6705 6174
6706 6174
6707 6174
6708 6174
6709 6174
6710 6174
6711 6174
6712 6174
6713 6174
6714 6174
6715 6174
6716 6174
6717 6174
6718 6174
6719 6174
6720 6174
6721 6174
6722 6174
6723 6174
6724 6174
6725 6174
6726 6174
6727 6174
6728 6174
6729 6174
6730 6174
6731 6174
6732 6174
6733 6174
6734 6174
6735 6174
6736 6174
6737 6174
6738 6174
6739 6174
6740 6174
6741 6174
6742 6174
6743 6174
6744 6174
6745 6174
6746 6174
6747 6174
6748 6174
6749 6174
6750 6174
6751 6174
6752 6174
6753 6174
6754 6174
6755 6174
6756 6174
6757 6174
6758 6174
6759 6174
6760 6174
6761 6174
6762 6174
6763 6174
6764 6174
6765 6174
6766 0
6767 6174
6768 6174
6769 6174
6770 6174
6771 6174
6772 6174
6773 6174
6774 6174
6775 6174
6776 6174
6777 0
6778 6174
6779 6174
6780 6174
6781 6174
6782 6174
6783 6174
6784 6174
6785 6174
6786 6174
6787 6174
6788 6174
6789 6174
6790 6174
6791 6174
6792 6174
6793 6174
6794 6174
6795 6174
6796 6174
6797 6174
6798 6174
6799 6174
6800 6174
6801 6174
6802 6174
6803 6174
6804 6174
6805 6174
6806 6174
6807 6174
6808 6174
6809 6174
6810 6174
6811 6174
6812 6174
6813 6174
6814 6174
6815 6174
6816 6174
6817 6174
6818 6174
6819 6174
6820 6174
6821 6174
6822 6174
6823 6174
6824 6174
6825 6174
6826 6174
6827 6174
6828 6174
6829 6174
6830 6174
6831 6174
6832 6174
6833 6174
6834 6174
6835 6174
6836 6174
6837 6174
6838 6174
6839 6174
6840 6174
6841 6174
6842 6174
6843 6174
6844 6174
6845 6174
6846 6174
6847 6174
6848 6174
6849 6174
6850 6174
6851 6174
6852 6174
6853 6174
6854 6174
6855 6174
6856 6174
6857 6174
6858 6174
6859 6174
6860 6174
6861 6174
6862 6174
6863 6174
6864 6174
6865 6174
6866 6174
6867 6174
6868 6174
6869 6174
6870 6174
6871 6174
6872 6174
6873 6174
6874 6174
6875 6174
6876 6174
6877 6174
6878 6174
6879 6174
6880 6174
6881 6174
6882 6174
6883 6174
6884 6174
6885 6174
6886 6174
6887 6174
6888 6174
6889 6174
6890 6174
6891 6174
6892 6174
6893 6174
6894 6174
6895 6174
6896 6174
6897 6174
6898 6174
6899 6174
6900 6174
6901 6174
6902 6174
6903 6174
6904 6174
6905 6174
6906 6174
6907 6174
6908 6174
6909 6174
6910 6174
6911 6174
6912 6174
6913 6174
6914 6174
6915 6174
6916 6174
6917 6174
6918 6174
6919 6174
6920 6174
6921 6174
6922 6174
6923 6174
6924 6174
6925 6174
6926 6174
6927 6174
6928 6174
6929 6174
6930 6174
6931 6174
6932 6174
6933 6174
6934 6174
6935 6174
6936 6174
6937 6174
6938 6174
6939 6174
6940 6174
6941 6174
6942 6174
6943 6174
6944 6174
6945 6174
6946 6174
6947 6174
6948 6174
6949 6174
6950 6174
6951 6174
6952 6174
6953 6174
6954 6174
6955 6174
6956 6174
6957 6174
6958 6174
6959 6174
6960 6174
6961 6174
6962 6174
6963 6174
6964 6174
6965 6174
6966 6174
6967 6174
6968 6174
6969 6174
6970 6174
6971 6174
6972 6174
6973 6174
6974 6174
6975 6174
6976 6174
6977 6174
6978 6174
6979 6174
6980 6174
6981 6174
6982 6174
6983 6174
6984 6174
6985 6174
6986 6174
6987 6174
6988 6174
6989 6174
6990 6174
6991 6174
6992 6174
6993 6174
6994 6174
6995 6174
6996 6174
6997 6174
6998 6174
6999 6174
7000 6174
7001 6174
7002 6174
7003 6174
7004 6174
7005 6174
7006 6174
7007 6174
7008 6174
7009 6174
7010 6174
7011 6174
7012 6174
7013 6174
7014 6174
7015 6174
7016 6174
7017 6174
7018 6174
7019 6174
7020 6174
7021 6174
7022 6174
7023 6174
7024 6174
7025 6174
7026 6174
7027 6174
7028 6174
7029 6174
7030 6174
7031 6174
7032 6174
7033 6174
7034 6174
7035 6174
7036 6174
7037 6174
7038 6174
7039 6174
7040 6174
7041 6174
7042 6174
7043 6174
7044 6174
7045 6174
7046 6174
7047 6174
7048 6174
7049 6174
7050 6174
7051 6174
7052 6174
7053 6174
7054 6174
7055 6174
7056 6174
7057 6174
7058 6174
7059 6174
7060 6174
7061 6174
7062 6174
7063 6174
7064 6174
7065 6174
7066 6174
7067 6174
7068 6174
7069 6174
7070 6174
7071 6174
7072 6174
7073 6174
7074 6174
7075 6174
7076 6174
7077 6174
7078 6174
7079 6174
7080 6174
7081 6174
7082 6174
7083 6174
7084 6174
7085 6174
7086 6174
7087 6174
7088 6174
7089 6174
7090 6174
7091 6174
7092 6174
7093 6174
7094 6174
7095 6174
7096 6174
7097 6174
7098 6174
7099 6174
7100 6174
7101 6174
7102 6174
7103 6174
7104 6174
7105 6174
7106 6174
7107 6174
7108 6174
7109 6174
7110 6174
7111 6174
7112 6174
7113 6174
7114 6174
7115 6174
7116 6174
7117 6174
7118 6174
7119 6174
7120 6174
7121 6174
7122 6174
7123 6174
7124 6174
7125 6174
7126 6174
7127 6174
7128 6174
7129 6174
7130 6174
7131 6174
7132 6174
7133 6174
7134 6174
7135 6174
7136 6174
7137 6174
7138 6174
7139 6174
7140 6174
7141 6174
7142 6174
7143 6174
7144 6174
7145 6174
7146 6174
7147 6174
7148 6174
7149 6174
7150 6174
7151 6174
7152 6174
7153 6174
7154 6174
7155 6174
7156 6174
7157 6174
7158 6174
7159 6174
7160 6174
7161 6174
7162 6174
7163 6174
7164 6174
7165 6174
7166 6174
7167 6174
7168 6174
7169 6174
7170 6174
7171 6174
7172 6174
7173 6174
7174 6174
7175 6174
7176 6174
7177 6174
7178 6174
7179 6174
7180 6174
7181 6174
7182 6174
7183 6174
7184 6174
7185 6174
7186 6174
7187 6174
7188 6174
7189 6174
7190 6174
7191 6174
7192 6174
7193 6174
7194 6174
7195 6174
7196 6174
7197 6174
7198 6174
7199 6174
7200 6174
7201 6174
7202 6174
7203 6174
7204 6174
7205 6174
7206 6174
7207 6174
7208 6174
7209 6174
7210 6174
7211 6174
7212 6174
7213 6174
7214 6174
7215 6174
7216 6174
7217 6174
7218 6174
7219 6174
7220 6174
7221 6174
7222 6174
7223 6174
7224 6174
7225 6174
7226 6174
7227 6174
7228 6174
7229 6174
7230 6174
7231 6174
7232 6174
7233 6174
7234 6174
7235 6174
7236 6174
7237 6174
7238 6174
7239 6174
7240 6174
7241 6174
7242 6174
7243 6174
7244 6174
7245 6174
7246 6174
7247 6174
7248 6174
7249 6174
7250 6174
7251 6174
7252 6174
7253 6174
7254 6174
7255 6174
7256 6174
7257 6174
7258 6174
7259 6174
7260 6174
7261 6174
7262 6174
7263 6174
7264 6174
7265 6174
7266 6174
7267 6174
7268 6174
7269 6174
7270 6174
7271 6174
7272 6174
7273 6174
7274 6174
7275 6174
7276 6174
7277 6174
7278 6174
7279 6174
7280 6174
7281 6174
7282 6174
7283 6174
7284 6174
7285 6174
7286 6174
7287 6174
7288 6174
7289 6174
7290 6174
7291 6174
7292 6174
7293 6174
7294 6174
7295 6174
7296 6174
7297 6174
7298 6174
7299 6174
7300 6174
7301 6174
7302 6174
7303 6174
7304 6174
7305 6174
7306 6174
7307 6174
7308 6174
7309 6174
7310 6174
7311 6174
7312 6174
7313 6174
7314 6174
7315 6174
7316 6174
7317 6174
7318 6174
7319 6174
7320 6174
7321 6174
7322 6174
7323 6174
7324 6174
7325 6174
7326 6174
7327 6174
7328 6174
7329 6174
7330 6174
7331 6174
7332 6174
7333 6174
7334 6174
7335 6174
7336 6174
7337 6174
7338 6174
7339 6174
7340 6174
7341 6174
7342 6174
7343 6174
7344 6174
7345 6174
7346 6174
7347 6174
7348 6174
7349 6174
7350 6174
7351 6174
7352 6174
7353 6174
7354 6174
7355 6174
7356 6174
7357 6174
7358 6174
7359 6174
7360 6174
7361 6174
7362 6174
7363 6174
7364 6174
7365 6174
7366 6174
7367 6174
7368 6174
7369 6174
7370 6174
7371 6174
7372 6174
7373 6174
7374 6174
7375 6174
7376 6174
7377 6174
7378 6174
7379 6174
7380 6174
7381 6174
7382 6174
7383 6174
7384 6174
7385 6174
7386 6174
7387 6174
7388 6174
7389 6174
7390 6174
7391 6174
7392 6174
7393 6174
7394 6174
7395 6174
7396 6174
7397 6174
7398 6174
7399 6174
7400 6174
7401 6174
7402 6174
7403 6174
7404 6174
7405 6174
7406 6174
7407 6174
7408 6174
7409 6174
7410 6174
7411 6174
7412 6174
7413 6174
7414 6174
7415 6174
7416 6174
7417 6174
7418 6174
7419 6174
7420 6174
7421 6174
7422 6174
7423 6174
7424 6174
7425 6174
7426 6174
7427 6174
7428 6174
7429 6174
7430 6174
7431 6174
7432 6174
7433 6174
7434 6174
7435 6174
7436 6174
7437 6174
7438 6174
7439 6174
7440 6174
7441 6174
7442 6174
7443 6174
7444 6174
7445 6174
7446 6174
7447 6174
7448 6174
7449 6174
7450 6174
7451 6174
7452 6174
7453 6174
7454 6174
7455 6174
7456 6174
7457 6174
7458 6174
7459 6174
7460 6174
7461 6174
7462 6174
7463 6174
7464 6174
7465 6174
7466 6174
7467 6174
7468 6174
7469 6174
7470 6174
7471 6174
7472 6174
7473 6174
7474 6174
7475 6174
7476 6174
7477 6174
7478 6174
7479 6174
7480 6174
7481 6174
7482 6174
7483 6174
7484 6174
7485 6174
7486 6174
7487 6174
7488 6174
7489 6174
7490 6174
7491 6174
7492 6174
7493 6174
7494 6174
7495 6174
7496 6174
7497 6174
7498 6174
7499 6174
7500 6174
7501 6174
7502 6174
7503 6174
7504 6174
7505 6174
7506 6174
7507 6174
7508 6174
7509 6174
7510 6174
7511 6174
7512 6174
7513 6174
7514 6174
7515 6174
7516 6174
7517 6174
7518 6174
7519 6174
7520 6174
7521 6174
7522 6174
7523 6174
7524 6174
7525 6174
7526 6174
7527 6174
7528 6174
7529 6174
7530 6174
7531 6174
7532 6174
7533 6174
7534 6174
7535 6174
7536 6174
7537 6174
7538 6174
7539 6174
7540 6174
7541 6174
7542 6174
7543 6174
7544 6174
7545 6174
7546 6174
7547 6174
7548 6174
7549 6174
7550 6174
7551 6174
7552 6174
7553 6174
7554 6174
7555 6174
7556 6174
7557 6174
7558 6174
7559 6174
7560 6174
7561 6174
7562 6174
7563 6174
7564 6174
7565 6174
7566 6174
7567 6174
7568 6174
7569 6174
7570 6174
7571 6174
7572 6174
7573 6174
7574 6174
7575 6174
7576 6174
7577 6174
7578 6174
7579 6174
7580 6174
7581 6174
7582 6174
7583 6174
7584 6174
7585 6174
7586 6174
7587 6174
7588 6174
7589 6174
7590 6174
7591 6174
7592 6174
7593 6174
7594 6174
7595 6174
7596 6174
7597 6174
7598 6174
7599 6174
7600 6174
7601 6174
7602 6174
7603 6174
7604 6174
7605 6174
7606 6174
7607 6174
7608 6174
7609 6174
7610 6174
7611 6174
7612 6174
7613 6174
7614 6174
7615 6174
7616 6174
7617 6174
7618 6174
7619 6174
7620 6174
7621 6174
7622 6174
7623 6174
7624 6174
7625 6174
7626 6174
7627 6174
7628 6174
7629 6174
7630 6174
7631 6174
7632 6174
7633 6174
7634 6174
7635 6174
7636 6174
7637 6174
7638 6174
7639 6174
7640 6174
7641 6174
7642 6174
7643 6174
7644 6174
7645 6174
7646 6174
7647 6174
7648 6174
7649 6174
7650 6174
7651 6174
7652 6174
7653 6174
7654 6174
7655 6174
7656 6174
7657 6174
7658 6174
7659 6174
7660 6174
7661 6174
7662 6174
7663 6174
7664 6174
7665 6174
7666 0
7667 6174
7668 6174
7669 6174
7670 6174
7671 6174
7672 6174
7673 6174
7674 6174
7675 6174
7676 6174
7677 0
7678 6174
7679 6174
7680 6174
7681 6174
7682 6174
7683 6174
7684 6174
7685 6174
7686 6174
7687 6174
7688 6174
7689 6174
7690 6174
7691 6174
7692 6174
7693 6174
7694 6174
7695 6174
7696 6174
7697 6174
7698 6174
7699 6174
7700 6174
7701 6174
7702 6174
7703 6174
7704 6174
7705 6174
7706 6174
7707 6174
7708 6174
7709 6174
7710 6174
7711 6174
7712 6174
7713 6174
7714 6174
7715 6174
7716 6174
7717 6174
7718 6174
7719 6174
7720 6174
7721 6174
7722 6174
7723 6174
7724 6174
7725 6174
7726 6174
7727 6174
7728 6174
7729 6174
7730 6174
7731 6174
7732 6174
7733 6174
7734 6174
7735 6174
7736 6174
7737 6174
7738 6174
7739 6174
7740 6174
7741 6174
7742 6174
7743 6174
7744 6174
7745 6174
7746 6174
7747 6174
7748 6174
7749 6174
7750 6174
7751 6174
7752 6174
7753 6174
7754 6174
7755 6174
7756 6174
7757 6174
7758 6174
7759 6174
7760 6174
7761 6174
7762 6174
7763 6174
7764 6174
7765 6174
7766 6174
7767 0
7768 6174
7769 6174
7770 6174
7771 6174
7772 6174
7773 6174
7774 6174
7775 6174
7776 0
7777 0
7778 0
7779 6174
7780 6174
7781 6174
7782 6174
7783 6174
7784 6174
7785 6174
7786 6174
7787 0
7788 6174
7789 6174
7790 6174
7791 6174
7792 6174
7793 6174
7794 6174
7795 6174
7796 6174
7797 6174
7798 6174
7799 6174
7800 6174
7801 6174
7802 6174
7803 6174
7804 6174
7805 6174
7806 6174
7807 6174
7808 6174
7809 6174
7810 6174
7811 6174
7812 6174
7813 6174
7814 6174
7815 6174
7816 6174
7817 6174
7818 6174
7819 6174
7820 6174
7821 6174
7822 6174
7823 6174
7824 6174
7825 6174
7826 6174
7827 6174
7828 6174
7829 6174
7830 6174
7831 6174
7832 6174
7833 6174
7834 6174
7835 6174
7836 6174
7837 6174
7838 6174
7839 6174
7840 6174
7841 6174
7842 6174
7843 6174
7844 6174
7845 6174
7846 6174
7847 6174
7848 6174
7849 6174
7850 6174
7851 6174
7852 6174
7853 6174
7854 6174
7855 6174
7856 6174
7857 6174
7858 6174
7859 6174
7860 6174
7861 6174
7862 6174
7863 6174
7864 6174
7865 6174
7866 6174
7867 6174
7868 6174
7869 6174
7870 6174
7871 6174
7872 6174
7873 6174
7874 6174
7875 6174
7876 6174
7877 0
7878 6174
7879 6174
7880 6174
7881 6174
7882 6174
7883 6174
7884 6174
7885 6174
7886 6174
7887 6174
7888 0
7889 6174
7890 6174
7891 6174
7892 6174
7893 6174
7894 6174
7895 6174
7896 6174
7897 6174
7898 6174
7899 6174
7900 6174
7901 6174
7902 6174
7903 6174
7904 6174
7905 6174
7906 6174
7907 6174
7908 6174
7909 6174
7910 6174
7911 6174
7912 6174
7913 6174
7914 6174
7915 6174
7916 6174
7917 6174
7918 6174
7919 6174
7920 6174
7921 6174
7922 6174
7923 6174
7924 6174
7925 6174
7926 6174
7927 6174
7928 6174
7929 6174
7930 6174
7931 6174
7932 6174
7933 6174
7934 6174
7935 6174
7936 6174
7937 6174
7938 6174
7939 6174
7940 6174
7941 6174
7942 6174
7943 6174
7944 6174
7945 6174
7946 6174
7947 6174
7948 6174
7949 6174
7950 6174
7951 6174
7952 6174
7953 6174
7954 6174
7955 6174
7956 6174
7957 6174
7958 6174
7959 6174
7960 6174
7961 6174
7962 6174
7963 6174
7964 6174
7965 6174
7966 6174
7967 6174
7968 6174
7969 6174
7970 6174
7971 6174
7972 6174
7973 6174
7974 6174
7975 6174
7976 6174
7977 6174
7978 6174
7979 6174
7980 6174
7981 6174
7982 6174
7983 6174
7984 6174
7985 6174
7986 6174
7987 6174
7988 6174
7989 6174
7990 6174
7991 6174
7992 6174
7993 6174
7994 6174
7995 6174
7996 6174
7997 6174
7998 6174
7999 6174
8000 6174
8001 6174
8002 6174
8003 6174
8004 6174
8005 6174
8006 6174
8007 6174
8008 6174
8009 6174
8010 6174
8011 6174
8012 6174
8013 6174
8014 6174
8015 6174
8016 6174
8017 6174
8018 6174
8019 6174
8020 6174
8021 6174
8022 6174
8023 6174
8024 6174
8025 6174
8026 6174
8027 6174
8028 6174
8029 6174
8030 6174
8031 6174
8032 6174
8033 6174
8034 6174
8035 6174
8036 6174
8037 6174
8038 6174
8039 6174
8040 6174
8041 6174
8042 6174
8043 6174
8044 6174
8045 6174
8046 6174
8047 6174
8048 6174
8049 6174
8050 6174
8051 6174
8052 6174
8053 6174
8054 6174
8055 6174
8056 6174
8057 6174
8058 6174
8059 6174
8060 6174
8061 6174
8062 6174
8063 6174
8064 6174
8065 6174
8066 6174
8067 6174
8068 6174
8069 6174
8070 6174
8071 6174
8072 6174
8073 6174
8074 6174
8075 6174
8076 6174
8077 6174
8078 6174
8079 6174
8080 6174
8081 6174
8082 6174
8083 6174
8084 6174
8085 6174
8086 6174
8087 6174
8088 6174
8089 6174
8090 6174
8091 6174
8092 6174
8093 6174
8094 6174
8095 6174
8096 6174
8097 6174
8098 6174
8099 6174
8100 6174
8101 6174
8102 6174
8103 6174
8104 6174
8105 6174
8106 6174
8107 6174
8108 6174
8109 6174
8110 6174
8111 6174
8112 6174
8113 6174
8114 6174
8115 6174
8116 6174
8117 6174
8118 6174
8119 6174
8120 6174
8121 6174
8122 6174
8123 6174
8124 6174
8125 6174
8126 6174
8127 6174
8128 6174
8129 6174
8130 6174
8131 6174
8132 6174
8133 6174
8134 6174
8135 6174
8136 6174
8137 6174
8138 6174
8139 6174
8140 6174
8141 6174
8142 6174
8143 6174
8144 6174
8145 6174
8146 6174
8147 6174
8148 6174
8149 6174
8150 6174
8151 6174
8152 6174
8153 6174
8154 6174
8155 6174
8156 6174
8157 6174
8158 6174
8159 6174
8160 6174
8161 6174
8162 6174
8163 6174
8164 6174
8165 6174
8166 6174
8167 6174
8168 6174
8169 6174
8170 6174
8171 6174
8172 6174
8173 6174
8174 6174
8175 6174
8176 6174
8177 6174
8178 6174
8179 6174
8180 6174
8181 6174
8182 6174
8183 6174
8184 6174
8185 6174
8186 6174
8187 6174
8188 6174
8189 6174
8190 6174
8191 6174
8192 6174
8193 6174
8194 6174
8195 6174
8196 6174
8197 6174
8198 6174
8199 6174
8200 6174
8201 6174
8202 6174
8203 6174
8204 6174
8205 6174
8206 6174
8207 6174
8208 6174
8209 6174
8210 6174
8211 6174
8212 6174
8213 6174
8214 6174
8215 6174
8216 6174
8217 6174
8218 6174
8219 6174
8220 6174
8221 6174
8222 6174
8223 6174
8224 6174
8225 6174
8226 6174
8227 6174
8228 6174
8229 6174
8230 6174
8231 6174
8232 6174
8233 6174
8234 6174
8235 6174
8236 6174
8237 6174
8238 6174
8239 6174
8240 6174
8241 6174
8242 6174
8243 6174
8244 6174
8245 6174
8246 6174
8247 6174
8248 6174
8249 6174
8250 6174
8251 6174
8252 6174
8253 6174
8254 6174
8255 6174
8256 6174
8257 6174
8258 6174
8259 6174
8260 6174
8261 6174
8262 6174
8263 6174
8264 6174
8265 6174
8266 6174
8267 6174
8268 6174
8269 6174
8270 6174
8271 6174
8272 6174
8273 6174
8274 6174
8275 6174
8276 6174
8277 6174
8278 6174
8279 6174
8280 6174
8281 6174
8282 6174
8283 6174
8284 6174
8285 6174
8286 6174
8287 6174
8288 6174
8289 6174
8290 6174
8291 6174
8292 6174
8293 6174
8294 6174
8295 6174
8296 6174
8297 6174
8298 6174
8299 6174
8300 6174
8301 6174
8302 6174
8303 6174
8304 6174
8305 6174
8306 6174
8307 6174
8308 6174
8309 6174
8310 6174
8311 6174
8312 6174
8313 6174
8314 6174
8315 6174
8316 6174
8317 6174
8318 6174
8319 6174
8320 6174
8321 6174
8322 6174
8323 6174
8324 6174
8325 6174
8326 6174
8327 6174
8328 6174
8329 6174
8330 6174
8331 6174
8332 6174
8333 6174
8334 6174
8335 6174
8336 6174
8337 6174
8338 6174
8339 6174
8340 6174
8341 6174
8342 6174
8343 6174
8344 6174
8345 6174
8346 6174
8347 6174
8348 6174
8349 6174
8350 6174
8351 6174
8352 6174
8353 6174
8354 6174
8355 6174
8356 6174
8357 6174
8358 6174
8359 6174
8360 6174
8361 6174
8362 6174
8363 6174
8364 6174
8365 6174
8366 6174
8367 6174
8368 6174
8369 6174
8370 6174
8371 6174
8372 6174
8373 6174
8374 6174
8375 6174
8376 6174
8377 6174
8378 6174
8379 6174
8380 6174
8381 6174
8382 6174
8383 6174
8384 6174
8385 6174
8386 6174
8387 6174
8388 6174
8389 6174
8390 6174
8391 6174
8392 6174
8393 6174
8394 6174
8395 6174
8396 6174
8397 6174
8398 6174
8399 6174
8400 6174
8401 6174
8402 6174
8403 6174
8404 6174
8405 6174
8406 6174
8407 6174
8408 6174
8409 6174
8410 6174
8411 6174
8412 6174
8413 6174
8414 6174
8415 6174
8416 6174
8417 6174
8418 6174
8419 6174
8420 6174
8421 6174
8422 6174
8423 6174
8424 6174
8425 6174
8426 6174
8427 6174
8428 6174
8429 6174
8430 6174
8431 6174
8432 6174
8433 6174
8434 6174
8435 6174
8436 6174
8437 6174
8438 6174
8439 6174
8440 6174
8441 6174
8442 6174
8443 6174
8444 6174
8445 6174
8446 6174
8447 6174
8448 6174
8449 6174
8450 6174
8451 6174
8452 6174
8453 6174
8454 6174
8455 6174
8456 6174
8457 6174
8458 6174
8459 6174
8460 6174
8461 6174
8462 6174
8463 6174
8464 6174
8465 6174
8466 6174
8467 6174
8468 6174
8469 6174
8470 6174
8471 6174
8472 6174
8473 6174
8474 6174
8475 6174
8476 6174
8477 6174
8478 6174
8479 6174
8480 6174
8481 6174
8482 6174
8483 6174
8484 6174
8485 6174
8486 6174
8487 6174
8488 6174
8489 6174
8490 6174
8491 6174
8492 6174
8493 6174
8494 6174
8495 6174
8496 6174
8497 6174
8498 6174
8499 6174
8500 6174
8501 6174
8502 6174
8503 6174
8504 6174
8505 6174
8506 6174
8507 6174
8508 6174
8509 6174
8510 6174
8511 6174
8512 6174
8513 6174
8514 6174
8515 6174
8516 6174
8517 6174
8518 6174
8519 6174
8520 6174
8521 6174
8522 6174
8523 6174
8524 6174
8525 6174
8526 6174
8527 6174
8528 6174
8529 6174
8530 6174
8531 6174
8532 6174
8533 6174
8534 6174
8535 6174
8536 6174
8537 6174
8538 6174
8539 6174
8540 6174
8541 6174
8542 6174
8543 6174
8544 6174
8545 6174
8546 6174
8547 6174
8548 6174
8549 6174
8550 6174
8551 6174
8552 6174
8553 6174
8554 6174
8555 6174
8556 6174
8557 6174
8558 6174
8559 6174
8560 6174
8561 6174
8562 6174
8563 6174
8564 6174
8565 6174
8566 6174
8567 6174
8568 6174
8569 6174
8570 6174
8571 6174
8572 6174
8573 6174
8574 6174
8575 6174
8576 6174
8577 6174
8578 6174
8579 6174
8580 6174
8581 6174
8582 6174
8583 6174
8584 6174
8585 6174
8586 6174
8587 6174
8588 6174
8589 6174
8590 6174
8591 6174
8592 6174
8593 6174
8594 6174
8595 6174
8596 6174
8597 6174
8598 6174
8599 6174
8600 6174
8601 6174
8602 6174
8603 6174
8604 6174
8605 6174
8606 6174
8607 6174
8608 6174
8609 6174
8610 6174
8611 6174
8612 6174
8613 6174
8614 6174
8615 6174
8616 6174
8617 6174
8618 6174
8619 6174
8620 6174
8621 6174
8622 6174
8623 6174
8624 6174
8625 6174
8626 6174
8627 6174
8628 6174
8629 6174
8630 6174
8631 6174
8632 6174
8633 6174
8634 6174
8635 6174
8636 6174
8637 6174
8638 6174
8639 6174
8640 6174
8641 6174
8642 6174
8643 6174
8644 6174
8645 6174
8646 6174
8647 6174
8648 6174
8649 6174
8650 6174
8651 6174
8652 6174
8653 6174
8654 6174
8655 6174
8656 6174
8657 6174
8658 6174
8659 6174
8660 6174
8661 6174
8662 6174
8663 6174
8664 6174
8665 6174
8666 6174
8667 6174
8668 6174
8669 6174
8670 6174
8671 6174
8672 6174
8673 6174
8674 6174
8675 6174
8676 6174
8677 6174
8678 6174
8679 6174
8680 6174
8681 6174
8682 6174
8683 6174
8684 6174
8685 6174
8686 6174
8687 6174
8688 6174
8689 6174
8690 6174
8691 6174
8692 6174
8693 6174
8694 6174
8695 6174
8696 6174
8697 6174
8698 6174
8699 6174
8700 6174
8701 6174
8702 6174
8703 6174
8704 6174
8705 6174
8706 6174
8707 6174
8708 6174
8709 6174
8710 6174
8711 6174
8712 6174
8713 6174
8714 6174
8715 6174
8716 6174
8717 6174
8718 6174
8719 6174
8720 6174
8721 6174
8722 6174
8723 6174
8724 6174
8725 6174
8726 6174
8727 6174
8728 6174
8729 6174
8730 6174
8731 6174
8732 6174
8733 6174
8734 6174
8735 6174
8736 6174
8737 6174
8738 6174
8739 6174
8740 6174
8741 6174
8742 6174
8743 6174
8744 6174
8745 6174
8746 6174
8747 6174
8748 6174
8749 6174
8750 6174
8751 6174
8752 6174
8753 6174
8754 6174
8755 6174
8756 6174
8757 6174
8758 6174
8759 6174
8760 6174
8761 6174
8762 6174
8763 6174
8764 6174
8765 6174
8766 6174
8767 6174
8768 6174
8769 6174
8770 6174
8771 6174
8772 6174
8773 6174
8774 6174
8775 6174
8776 6174
8777 0
8778 6174
8779 6174
8780 6174
8781 6174
8782 6174
8783 6174
8784 6174
8785 6174
8786 6174
8787 6174
8788 0
8789 6174
8790 6174
8791 6174
8792 6174
8793 6174
8794 6174
8795 6174
8796 6174
8797 6174
8798 6174
8799 6174
8800 6174
8801 6174
8802 6174
8803 6174
8804 6174
8805 6174
8806 6174
8807 6174
8808 6174
8809 6174
8810 6174
8811 6174
8812 6174
8813 6174
8814 6174
8815 6174
8816 6174
8817 6174
8818 6174
8819 6174
8820 6174
8821 6174
8822 6174
8823 6174
8824 6174
8825 6174
8826 6174
8827 6174
8828 6174
8829 6174
8830 6174
8831 6174
8832 6174
8833 6174
8834 6174
8835 6174
8836 6174
8837 6174
8838 6174
8839 6174
8840 6174
8841 6174
8842 6174
8843 6174
8844 6174
8845 6174
8846 6174
8847 6174
8848 6174
8849 6174
8850 6174
8851 6174
8852 6174
8853 6174
8854 6174
8855 6174
8856 6174
8857 6174
8858 6174
8859 6174
8860 6174
8861 6174
8862 6174
8863 6174
8864 6174
8865 6174
8866 6174
8867 6174
8868 6174
8869 6174
8870 6174
8871 6174
8872 6174
8873 6174
8874 6174
8875 6174
8876 6174
8877 6174
8878 0
8879 6174
8880 6174
8881 6174
8882 6174
8883 6174
8884 6174
8885 6174
8886 6174
8887 0
8888 0
8889 0
8890 6174
8891 6174
8892 6174
8893 6174
8894 6174
8895 6174
8896 6174
8897 6174
8898 0
8899 6174
8900 6174
8901 6174
8902 6174
8903 6174
8904 6174
8905 6174
8906 6174
8907 6174
8908 6174
8909 6174
8910 6174
8911 6174
8912 6174
8913 6174
8914 6174
8915 6174
8916 6174
8917 6174
8918 6174
8919 6174
8920 6174
8921 6174
8922 6174
8923 6174
8924 6174
8925 6174
8926 6174
8927 6174
8928 6174
8929 6174
8930 6174
8931 6174
8932 6174
8933 6174
8934 6174
8935 6174
8936 6174
8937 6174
8938 6174
8939 6174
8940 6174
8941 6174
8942 6174
8943 6174
8944 6174
8945 6174
8946 6174
8947 6174
8948 6174
8949 6174
8950 6174
8951 6174
8952 6174
8953 6174
8954 6174
8955 6174
8956 6174
8957 6174
8958 6174
8959 6174
8960 6174
8961 6174
8962 6174
8963 6174
8964 6174
8965 6174
8966 6174
8967 6174
8968 6174
8969 6174
8970 6174
8971 6174
8972 6174
8973 6174
8974 6174
8975 6174
8976 6174
8977 6174
8978 6174
8979 6174
8980 6174
8981 6174
8982 6174
8983 6174
8984 6174
8985 6174
8986 6174
8987 6174
8988 0
8989 6174
8990 6174
8991 6174
8992 6174
8993 6174
8994 6174
8995 6174
8996 6174
8997 6174
8998 6174
8999 0
9000 6174
9001 6174
9002 6174
9003 6174
9004 6174
9005 6174
9006 6174
9007 6174
9008 6174
9009 6174
9010 6174
9011 6174
9012 6174
9013 6174
9014 6174
9015 6174
9016 6174
9017 6174
9018 6174
9019 6174
9020 6174
9021 6174
9022 6174
9023 6174
9024 6174
9025 6174
9026 6174
9027 6174
9028 6174
9029 6174
9030 6174
9031 6174
9032 6174
9033 6174
9034 6174
9035 6174
9036 6174
9037 6174
9038 6174
9039 6174
9040 6174
9041 6174
9042 6174
9043 6174
9044 6174
9045 6174
9046 6174
9047 6174
9048 6174
9049 6174
9050 6174
9051 6174
9052 6174
9053 6174
9054 6174
9055 6174
9056 6174
9057 6174
9058 6174
9059 6174
9060 6174
9061 6174
9062 6174
9063 6174
9064 6174
9065 6174
9066 6174
9067 6174
9068 6174
9069 6174
9070 6174
9071 6174
9072 6174
9073 6174
9074 6174
9075 6174
9076 6174
9077 6174
9078 6174
9079 6174
9080 6174
9081 6174
9082 6174
9083 6174
9084 6174
9085 6174
9086 6174
9087 6174
9088 6174
9089 6174
9090 6174
9091 6174
9092 6174
9093 6174
9094 6174
9095 6174
9096 6174
9097 6174
9098 6174
9099 6174
9100 6174
9101 6174
9102 6174
9103 6174
9104 6174
9105 6174
9106 6174
9107 6174
9108 6174
9109 6174
9110 6174
9111 6174
9112 6174
9113 6174
9114 6174
9115 6174
9116 6174
9117 6174
9118 6174
9119 6174
9120 6174
9121 6174
9122 6174
9123 6174
9124 6174
9125 6174
9126 6174
9127 6174
9128 6174
9129 6174
9130 6174
9131 6174
9132 6174
9133 6174
9134 6174
9135 6174
9136 6174
9137 6174
9138 6174
9139 6174
9140 6174
9141 6174
9142 6174
9143 6174
9144 6174
9145 6174
9146 6174
9147 6174
9148 6174
9149 6174
9150 6174
9151 6174
9152 6174
9153 6174
9154 6174
9155 6174
9156 6174
9157 6174
9158 6174
9159 6174
9160 6174
9161 6174
9162 6174
9163 6174
9164 6174
9165 6174
9166 6174
9167 6174
9168 6174
9169 6174
9170 6174
9171 6174
9172 6174
9173 6174
9174 6174
9175 6174
9176 6174
9177 6174
9178 6174
9179 6174
9180 6174
9181 6174
9182 6174
9183 6174
9184 6174
9185 6174
9186 6174
9187 6174
9188 6174
9189 6174
9190 6174
9191 6174
9192 6174
9193 6174
9194 6174
9195 6174
9196 6174
9197 6174
9198 6174
9199 6174
9200 6174
9201 6174
9202 6174
9203 6174
9204 6174
9205 6174
9206 6174
9207 6174
9208 6174
9209 6174
9210 6174
9211 6174
9212 6174
9213 6174
9214 6174
9215 6174
9216 6174
9217 6174
9218 6174
9219 6174
9220 6174
9221 6174
9222 6174
9223 6174
9224 6174
9225 6174
9226 6174
9227 6174
9228 6174
9229 6174
9230 6174
9231 6174
9232 6174
9233 6174
9234 6174
9235 6174
9236 6174
9237 6174
9238 6174
9239 6174
9240 6174
9241 6174
9242 6174
9243 6174
9244 6174
9245 6174
9246 6174
9247 6174
9248 6174
9249 6174
9250 6174
9251 6174
9252 6174
9253 6174
9254 6174
9255 6174
9256 6174
9257 6174
9258 6174
9259 6174
9260 6174
9261 6174
9262 6174
9263 6174
9264 6174
9265 6174
9266 6174
9267 6174
9268 6174
9269 6174
9270 6174
9271 6174
9272 6174
9273 6174
9274 6174
9275 6174
9276 6174
9277 6174
9278 6174
9279 6174
9280 6174
9281 6174
9282 6174
9283 6174
9284 6174
9285 6174
9286 6174
9287 6174
9288 6174
9289 6174
9290 6174
9291 6174
9292 6174
9293 6174
9294 6174
9295 6174
9296 6174
9297 6174
9298 6174
9299 6174
9300 6174
9301 6174
9302 6174
9303 6174
9304 6174
9305 6174
9306 6174
9307 6174
9308 6174
9309 6174
9310 6174
9311 6174
9312 6174
9313 6174
9314 6174
9315 6174
9316 6174
9317 6174
9318 6174
9319 6174
9320 6174
9321 6174
9322 6174
9323 6174
9324 6174
9325 6174
9326 6174
9327 6174
9328 6174
9329 6174
9330 6174
9331 6174
9332 6174
9333 6174
9334 6174
9335 6174
9336 6174
9337 6174
9338 6174
9339 6174
9340 6174
9341 6174
9342 6174
9343 6174
9344 6174
9345 6174
9346 6174
9347 6174
9348 6174
9349 6174
9350 6174
9351 6174
9352 6174
9353 6174
9354 6174
9355 6174
9356 6174
9357 6174
9358 6174
9359 6174
9360 6174
9361 6174
9362 6174
9363 6174
9364 6174
9365 6174
9366 6174
9367 6174
9368 6174
9369 6174
9370 6174
9371 6174
9372 6174
9373 6174
9374 6174
9375 6174
9376 6174
9377 6174
9378 6174
9379 6174
9380 6174
9381 6174
9382 6174
9383 6174
9384 6174
9385 6174
9386 6174
9387 6174
9388 6174
9389 6174
9390 6174
9391 6174
9392 6174
9393 6174
9394 6174
9395 6174
9396 6174
9397 6174
9398 6174
9399 6174
9400 6174
9401 6174
9402 6174
9403 6174
9404 6174
9405 6174
9406 6174
9407 6174
9408 6174
9409 6174
9410 6174
9411 6174
9412 6174
9413 6174
9414 6174
9415 6174
9416 6174
9417 6174
9418 6174
9419 6174
9420 6174
9421 6174
9422 6174
9423 6174
9424 6174
9425 6174
9426 6174
9427 6174
9428 6174
9429 6174
9430 6174
9431 6174
9432 6174
9433 6174
9434 6174
9435 6174
9436 6174
9437 6174
9438 6174
9439 6174
9440 6174
9441 6174
9442 6174
9443 6174
9444 6174
9445 6174
9446 6174
9447 6174
9448 6174
9449 6174
9450 6174
9451 6174
9452 6174
9453 6174
9454 6174
9455 6174
9456 6174
9457 6174
9458 6174
9459 6174
9460 6174
9461 6174
9462 6174
9463 6174
9464 6174
9465 6174
9466 6174
9467 6174
9468 6174
9469 6174
9470 6174
9471 6174
9472 6174
9473 6174
9474 6174
9475 6174
9476 6174
9477 6174
9478 6174
9479 6174
9480 6174
9481 6174
9482 6174
9483 6174
9484 6174
9485 6174
9486 6174
9487 6174
9488 6174
9489 6174
9490 6174
9491 6174
9492 6174
9493 6174
9494 6174
9495 6174
9496 6174
9497 6174
9498 6174
9499 6174
9500 6174
9501 6174
9502 6174
9503 6174
9504 6174
9505 6174
9506 6174
9507 6174
9508 6174
9509 6174
9510 6174
9511 6174
9512 6174
9513 6174
9514 6174
9515 6174
9516 6174
9517 6174
9518 6174
9519 6174
9520 6174
9521 6174
9522 6174
9523 6174
9524 6174
9525 6174
9526 6174
9527 6174
9528 6174
9529 6174
9530 6174
9531 6174
9532 6174
9533 6174
9534 6174
9535 6174
9536 6174
9537 6174
9538 6174
9539 6174
9540 6174
9541 6174
9542 6174
9543 6174
9544 6174
9545 6174
9546 6174
9547 6174
9548 6174
9549 6174
9550 6174
9551 6174
9552 6174
9553 6174
9554 6174
9555 6174
9556 6174
9557 6174
9558 6174
9559 6174
9560 6174
9561 6174
9562 6174
9563 6174
9564 6174
9565 6174
9566 6174
9567 6174
9568 6174
9569 6174
9570 6174
9571 6174
9572 6174
9573 6174
9574 6174
9575 6174
9576 6174
9577 6174
9578 6174
9579 6174
9580 6174
9581 6174
9582 6174
9583 6174
9584 6174
9585 6174
9586 6174
9587 6174
9588 6174
9589 6174
9590 6174
9591 6174
9592 6174
9593 6174
9594 6174
9595 6174
9596 6174
9597 6174
9598 6174
9599 6174
9600 6174
9601 6174
9602 6174
9603 6174
9604 6174
9605 6174
9606 6174
9607 6174
9608 6174
9609 6174
9610 6174
9611 6174
9612 6174
9613 6174
9614 6174
9615 6174
9616 6174
9617 6174
9618 6174
9619 6174
9620 6174
9621 6174
9622 6174
9623 6174
9624 6174
9625 6174
9626 6174
9627 6174
9628 6174
9629 6174
9630 6174
9631 6174
9632 6174
9633 6174
9634 6174
9635 6174
9636 6174
9637 6174
9638 6174
9639 6174
9640 6174
9641 6174
9642 6174
9643 6174
9644 6174
9645 6174
9646 6174
9647 6174
9648 6174
9649 6174
9650 6174
9651 6174
9652 6174
9653 6174
9654 6174
9655 6174
9656 6174
9657 6174
9658 6174
9659 6174
9660 6174
9661 6174
9662 6174
9663 6174
9664 6174
9665 6174
9666 6174
9667 6174
9668 6174
9669 6174
9670 6174
9671 6174
9672 6174
9673 6174
9674 6174
9675 6174
9676 6174
9677 6174
9678 6174
9679 6174
9680 6174
9681 6174
9682 6174
9683 6174
9684 6174
9685 6174
9686 6174
9687 6174
9688 6174
9689 6174
9690 6174
9691 6174
9692 6174
9693 6174
9694 6174
9695 6174
9696 6174
9697 6174
9698 6174
9699 6174
9700 6174
9701 6174
9702 6174
9703 6174
9704 6174
9705 6174
9706 6174
9707 6174
9708 6174
9709 6174
9710 6174
9711 6174
9712 6174
9713 6174
9714 6174
9715 6174
9716 6174
9717 6174
9718 6174
9719 6174
9720 6174
9721 6174
9722 6174
9723 6174
9724 6174
9725 6174
9726 6174
9727 6174
9728 6174
9729 6174
9730 6174
9731 6174
9732 6174
9733 6174
9734 6174
9735 6174
9736 6174
9737 6174
9738 6174
9739 6174
9740 6174
9741 6174
9742 6174
9743 6174
9744 6174
9745 6174
9746 6174
9747 6174
9748 6174
9749 6174
9750 6174
9751 6174
9752 6174
9753 6174
9754 6174
9755 6174
9756 6174
9757 6174
9758 6174
9759 6174
9760 6174
9761 6174
9762 6174
9763 6174
9764 6174
9765 6174
9766 6174
9767 6174
9768 6174
9769 6174
9770 6174
9771 6174
9772 6174
9773 6174
9774 6174
9775 6174
9776 6174
9777 6174
9778 6174
9779 6174
9780 6174
9781 6174
9782 6174
9783 6174
9784 6174
9785 6174
9786 6174
9787 6174
9788 6174
9789 6174
9790 6174
9791 6174
9792 6174
9793 6174
9794 6174
9795 6174
9796 6174
9797 6174
9798 6174
9799 6174
9800 6174
9801 6174
9802 6174
9803 6174
9804 6174
9805 6174
9806 6174
9807 6174
9808 6174
9809 6174
9810 6174
9811 6174
9812 6174
9813 6174
9814 6174
9815 6174
9816 6174
9817 6174
9818 6174
9819 6174
9820 6174
9821 6174
9822 6174
9823 6174
9824 6174
9825 6174
9826 6174
9827 6174
9828 6174
9829 6174
9830 6174
9831 6174
9832 6174
9833 6174
9834 6174
9835 6174
9836 6174
9837 6174
9838 6174
9839 6174
9840 6174
9841 6174
9842 6174
9843 6174
9844 6174
9845 6174
9846 6174
9847 6174
9848 6174
9849 6174
9850 6174
9851 6174
9852 6174
9853 6174
9854 6174
9855 6174
9856 6174
9857 6174
9858 6174
9859 6174
9860 6174
9861 6174
9862 6174
9863 6174
9864 6174
9865 6174
9866 6174
9867 6174
9868 6174
9869 6174
9870 6174
9871 6174
9872 6174
9873 6174
9874 6174
9875 6174
9876 6174
9877 6174
9878 6174
9879 6174
9880 6174
9881 6174
9882 6174
9883 6174
9884 6174
9885 6174
9886 6174
9887 6174
9888 0
9889 6174
9890 6174
9891 6174
9892 6174
9893 6174
9894 6174
9895 6174
9896 6174
9897 6174
9898 6174
9899 0
9900 6174
9901 6174
9902 6174
9903 6174
9904 6174
9905 6174
9906 6174
9907 6174
9908 6174
9909 6174
9910 6174
9911 6174
9912 6174
9913 6174
9914 6174
9915 6174
9916 6174
9917 6174
9918 6174
9919 6174
9920 6174
9921 6174
9922 6174
9923 6174
9924 6174
9925 6174
9926 6174
9927 6174
9928 6174
9929 6174
9930 6174
9931 6174
9932 6174
9933 6174
9934 6174
9935 6174
9936 6174
9937 6174
9938 6174
9939 6174
9940 6174
9941 6174
9942 6174
9943 6174
9944 6174
9945 6174
9946 6174
9947 6174
9948 6174
9949 6174
9950 6174
9951 6174
9952 6174
9953 6174
9954 6174
9955 6174
9956 6174
9957 6174
9958 6174
9959 6174
9960 6174
9961 6174
9962 6174
9963 6174
9964 6174
9965 6174
9966 6174
9967 6174
9968 6174
9969 6174
9970 6174
9971 6174
9972 6174
9973 6174
9974 6174
9975 6174
9976 6174
9977 6174
9978 6174
9979 6174
9980 6174
9981 6174
9982 6174
9983 6174
9984 6174
9985 6174
9986 6174
9987 6174
9988 6174
9989 0
9990 6174
9991 6174
9992 6174
9993 6174
9994 6174
9995 6174
9996 6174
9997 6174
9998 0
9999 0
