1000 0
1011 0
1101 0
1110 0
1111 0
1112 0
1121 0
1211 0
1222 0
2111 0
2122 0
2212 0
2221 0
2222 0
2223 0
2232 0
2322 0
2333 0
3222 0
3233 0
3323 0
3332 0
3333 0
3334 0
3343 0
3433 0
3444 0
4333 0
4344 0
4434 0
4443 0
4444 0
4445 0
4454 0
4544 0
4555 0
5444 0
5455 0
5545 0
5554 0
5555 0
5556 0
5565 0
5655 0
5666 0
6555 0
6566 0
6656 0
6665 0
6666 0
6667 0
6676 0
6766 0
6777 0
7666 0
7677 0
7767 0
7776 0
7777 0
7778 0
7787 0
7877 0
7888 0
8777 0
8788 0
8878 0
8887 0
8888 0
8889 0
8898 0
8988 0
8999 0
9888 0
9899 0
9989 0
9998 0
9999 0
