100 0
101 0
102 495
103 495
104 495
105 495
106 495
107 495
108 495
109 495
110 0
111 0
112 0
113 495
114 495
115 495
116 495
117 495
118 495
119 495
120 495
121 0
122 0
123 495
124 495
125 495
126 495
127 495
128 495
129 495
130 495
131 495
132 495
133 495
134 495
135 495
136 495
137 495
138 495
139 495
140 495
141 495
142 495
143 495
144 495
145 495
146 495
147 495
148 495
149 495
150 495
151 495
152 495
153 495
154 495
155 495
156 495
157 495
158 495
159 495
160 495
161 495
162 495
163 495
164 495
165 495
166 495
167 495
168 495
169 495
170 495
171 495
172 495
173 495
174 495
175 495
176 495
177 495
178 495
179 495
180 495
181 495
182 495
183 495
184 495
185 495
186 495
187 495
188 495
189 495
190 495
191 495
192 495
193 495
194 495
195 495
196 495
197 495
198 495
199 495
200 495
201 495
202 495
203 495
204 495
205 495
206 495
207 495
208 495
209 495
210 495
211 0
212 0
213 495
214 495
215 495
216 495
217 495
218 495
219 495
220 495
221 0
222 0
223 0
224 495
225 495
226 495
227 495
228 495
229 495
230 495
231 495
232 0
233 0
234 495
235 495
236 495
237 495
238 495
239 495
240 495
241 495
242 495
243 495
244 495
245 495
246 495
247 495
248 495
249 495
250 495
251 495
252 495
253 495
254 495
255 495
256 495
257 495
258 495
259 495
260 495
261 495
262 495
263 495
264 495
265 495
266 495
267 495
268 495
269 495
270 495
271 495
272 495
273 495
274 495
275 495
276 495
277 495
278 495
279 495
280 495
281 495
282 495
283 495
284 495
285 495
286 495
287 495
288 495
289 495
290 495
291 495
292 495
293 495
294 495
295 495
296 495
297 495
298 495
299 495
300 495
301 495
302 495
303 495
304 495
305 495
306 495
307 495
308 495
309 495
310 495
311 495
312 495
313 495
314 495
315 495
316 495
317 495
318 495
319 495
320 495
321 495
322 0
323 0
324 495
325 495
326 495
327 495
328 495
329 495
330 495
331 495
332 0
333 0
334 0
335 495
336 495
337 495
338 495
339 495
340 495
341 495
342 495
343 0
344 0
345 495
346 495
347 495
348 495
349 495
350 495
351 495
352 495
353 495
354 495
355 495
356 495
357 495
358 495
359 495
360 495
361 495
362 495
363 495
364 495
365 495
366 495
367 495
368 495
369 495
370 495
371 495
372 495
373 495
374 495
375 495
376 495
377 495
378 495
379 495
380 495
381 495
382 495
383 495
384 495
385 495
386 495
387 495
388 495
389 495
390 495
391 495
392 495
393 495
394 495
395 495
396 495
397 495
398 495
399 495
400 495
401 495
402 495
403 495
404 495
405 495
406 495
407 495
408 495
409 495
410 495
411 495
412 495
413 495
414 495
415 495
416 495
417 495
418 495
419 495
420 495
421 495
422 495
423 495
424 495
425 495
426 495
427 495
428 495
429 495
430 495
431 495
432 495
433 0
434 0
435 495
436 495
437 495
438 495
439 495
440 495
441 495
442 495
443 0
444 0
445 0
446 495
447 495
448 495
449 495
450 495
451 495
452 495
453 495
454 0
455 0
456 495
457 495
458 495
459 495
460 495
461 495
462 495
463 495
464 495
465 495
466 495
467 495
468 495
469 495
470 495
471 495
472 495
473 495
474 495
475 495
476 495
477 495
478 495
479 495
480 495
481 495
482 495
483 495
484 495
485 495
486 495
487 495
488 495
489 495
490 495
491 495
492 495
493 495
494 495
495 495
496 495
497 495
498 495
499 495
500 495
501 495
502 495
503 495
504 495
505 495
506 495
507 495
508 495
509 495
510 495
511 495
512 495
513 495
514 495
515 495
516 495
517 495
518 495
519 495
520 495
521 495
522 495
523 495
524 495
525 495
526 495
527 495
528 495
529 495
530 495
531 495
532 495
533 495
534 495
535 495
536 495
537 495
538 495
539 495
540 495
541 495
542 495
543 495
544 0
545 0
546 495
547 495
548 495
549 495
550 495
551 495
552 495
553 495
554 0
555 0
556 0
557 495
558 495
559 495
560 495
561 495
562 495
563 495
564 495
565 0
566 0
567 495
568 495
569 495
570 495
571 495
572 495
573 495
574 495
575 495
576 495
577 495
578 495
579 495
580 495
581 495
582 495
583 495
584 495
585 495
586 495
587 495
588 495
589 495
590 495
591 495
592 495
593 495
594 495
595 495
596 495
597 495
598 495
599 495
600 495
601 495
602 495
603 495
604 495
605 495
606 495
607 495
608 495
609 495
610 495
611 495
612 495
613 495
614 495
615 495
616 495
617 495
618 495
619 495
620 495
621 495
622 495
623 495
624 495
625 495
626 495
627 495
628 495
629 495
630 495
631 495
632 495
633 495
634 495
635 495
636 495
637 495
638 495
639 495
640 495
641 495
642 495
643 495
644 495
645 495
646 495
647 495
648 495
649 495
650 495
651 495
652 495
653 495
654 495
655 0
656 0
657 495
658 495
659 495
660 495
661 495
662 495
663 495
664 495
665 0
666 0
667 0
668 495
669 495
670 495
671 495
672 495
673 495
674 495
675 495
676 0
677 0
678 495
679 495
680 495
681 495
682 495
683 495
684 495
685 495
686 495
687 495
688 495
689 495
690 495
691 495
692 495
693 495
694 495
695 495
696 495
697 495
698 495
699 495
700 495
701 495
702 495
703 495
704 495
705 495
706 495
707 495
708 495
709 495
710 495
711 495
712 495
713 495
714 495
715 495
716 495
717 495
718 495
719 495
720 495
721 495
722 495
723 495
724 495
725 495
726 495
727 495
728 495
729 495
730 495
731 495
732 495
733 495
734 495
735 495
736 495
737 495
738 495
739 495
740 495
741 495
742 495
743 495
744 495
745 495
746 495
747 495
748 495
749 495
750 495
751 495
752 495
753 495
754 495
755 495
756 495
757 495
758 495
759 495
760 495
761 495
762 495
763 495
764 495
765 495
766 0
767 0
768 495
769 495
770 495
771 495
772 495
773 495
774 495
775 495
776 0
777 0
778 0
779 495
780 495
781 495
782 495
783 495
784 495
785 495
786 495
787 0
788 0
789 495
790 495
791 495
792 495
793 495
794 495
795 495
796 495
797 495
798 495
799 495
800 495
801 495
802 495
803 495
804 495
805 495
806 495
807 495
808 495
809 495
810 495
811 495
812 495
813 495
814 495
815 495
816 495
817 495
818 495
819 495
820 495
821 495
822 495
823 495
824 495
825 495
826 495
827 495
828 495
829 495
830 495
831 495
832 495
833 495
834 495
835 495
836 495
837 495
838 495
839 495
840 495
841 495
842 495
843 495
844 495
845 495
846 495
847 495
848 495
849 495
850 495
851 495
852 495
853 495
854 495
855 495
856 495
857 495
858 495
859 495
860 495
861 495
862 495
863 495
864 495
865 495
866 495
867 495
868 495
869 495
870 495
871 495
872 495
873 495
874 495
875 495
876 495
877 0
878 0
879 495
880 495
881 495
882 495
883 495
884 495
885 495
886 495
887 0
888 0
889 0
890 495
891 495
892 495
893 495
894 495
895 495
896 495
897 495
898 0
899 0
900 495
901 495
902 495
903 495
904 495
905 495
906 495
907 495
908 495
909 495
910 495
911 495
912 495
913 495
914 495
915 495
916 495
917 495
918 495
919 495
920 495
921 495
922 495
923 495
924 495
925 495
926 495
927 495
928 495
929 495
930 495
931 495
932 495
933 495
934 495
935 495
936 495
937 495
938 495
939 495
940 495
941 495
942 495
943 495
944 495
945 495
946 495
947 495
948 495
949 495
950 495
951 495
952 495
953 495
954 495
955 495
956 495
957 495
958 495
959 495
960 495
961 495
962 495
963 495
964 495
965 495
966 495
967 495
968 495
969 495
970 495
971 495
972 495
973 495
974 495
975 495
976 495
977 495
978 495
979 495
980 495
981 495
982 495
983 495
984 495
985 495
986 495
987 495
988 0
989 0
990 495
991 495
992 495
993 495
994 495
995 495
996 495
997 495
998 0
999 0
